# Z lambda av_mc V_gpc 
0.0001  1.27579234972678e-06  29.3017186431481 6.31885208734585
0.0002  5.19617486338798e-07  27.479451165018 5.38177566907618
0.0003  4.91311475409836e-07  28.128873060743 5.70540249401674
0.0004  4.75136612021858e-07  28.9739650928304 6.14363330483611
0.0005  4.26612021857923e-07  29.4491159010371 6.39861688646647
0.0006  4.30655737704918e-07  30.3955622273156 6.92517746339233
0.0007  4.08415300546448e-07  30.8113601774931 7.16444629756738
0.0008  3.94262295081967e-07  30.6192955270476 7.0533176146614
0.0009  4.04371584699453e-07  30.6102004992002 7.0480810613245
0.0010  4.02349726775956e-07  30.5046556917824 6.98748314448415
0.0015  4.67049180327869e-07  27.1227898348534 5.20884400831479
0.0020  3.84153005464481e-07  25.9760397330868 4.67560489308717
0.0025  3.43715846994536e-07  24.7265974809983 4.13348487127636
0.0030  3.43715846994536e-07  23.1771408447353 3.51605050322528
0.0035  3.09344262295082e-07  22.0546486919371 3.10567363643502
0.0040  3.07322404371585e-07  21.0105753494316 2.75106161728713
0.0045  2.97213114754098e-07  19.9567856742735 2.4189781069431
0.0050  2.44644808743169e-07  19.4096685210051 2.2565800850433
0.0055  2.26448087431694e-07  18.7658252933286 2.07407581156248
0.0060  1.73879781420765e-07  18.1135062527254 1.89850509953602
0.0065  1.81967213114754e-08  18.8003958321615 2.08364120703774
0.0070  2.02185792349727e-08  18.0261023014619 1.87568555248114
0.0075  1.41530054644809e-08  17.5180825811792 1.74631215917834
0.0080  4.04371584699454e-09  17.9815802854807 1.86412527838516
0.0085  6.0655737704918e-09  17.5204713344056 1.74690753475852
0.0090  4.04371584699454e-09  17.0604612538348 1.63449040910087
0.0095  0  0 0
0.0100  0  0 0
0.0150  0  0 0
0.0200  0  0 0
0.0250  0  0 0
0.0300  0  0 0
