(70976, 0.00041, 0.009605, 8.153078294487482, 0.8451926, 0.008118075030744076, [-0.71863097, 0.5187143, -0.4631469], 0.21522939, 0.0005816059)
(119851, 0.000422, 0.009588, 8.152861418337206, 0.54230815, 0.005199650558710097, [-0.5501913, 0.81537974, -0.18012619], 0.1398919, 0.0027129757)
(157762, 0.000243, 0.009798, 8.154204307935327, 0.71229774, 0.006979093232989311, [0.617925, 0.041482225, 0.78514194], 0.24094549, 0.021452906)
(158224, 0.000734, 0.00928, 8.153078294487482, 0.84772235, 0.007866863422393799, [-0.3561058, -0.8349078, -0.41966373], 0.23784298, 0.0052653058)
(170045, 0.000986, 0.00903, 8.153121656724242, 0.8370225, 0.007558313024640083, [0.57886523, -0.086333044, 0.81084013], 1.1609746, 0.0045769718)
(184798, 0.00015, 0.009905, 8.154766221749945, 0.8571441, 0.00849001248240471, [nan, nan, nan], 0.47603428, 0.0007118647)
(212490, 0.000142, 0.009945, 8.156189361686135, 0.85116553, 0.00846484122633934, [-0.8680461, -0.14741105, -0.4740949], 0.32012507, 0.00130584)
(251775, 0.000113, 0.009916, 8.153684972170119, 0.86020935, 0.008529835873126982, [nan, nan, nan], 0.3808275, 0.003321561)
(267770, 0.000281, 0.009722, 8.152557609663114, 0.8608261, 0.008368951101899147, [0.12141152, -0.4877168, 0.8645181], 0.109722145, 0.0006591999)
(306596, 0.000771, 0.009294, 8.155197968959081, 0.7266085, 0.006753099536418915, [0.3718505, -0.016005244, 0.9281547], 0.3400842, 0.0008123908)
(331005, 0.000184, 0.00987, 8.154809415790648, 0.85506696, 0.008439510846734048, [0.23236193, 0.67779773, 0.69756585], 0.16957569, 0.004042992)
(489838, 0.000123, 0.00992, 8.154334044898773, 0.7726706, 0.007664892616271972, [0.26819685, 0.9501381, 0.15908444], 0.009424406, 0.0033488404)
(516598, 0.000191, 0.000128, 8.153208368211384, 0.7180798, 9.191421508789061e-05, [nan, nan, nan], 0.12967882, 0.0003221316)
(89112, 0.000296, 0.009951, 8.163024077064414, 0.73980516, 0.007361801166594028, [0.0856329, -0.7000968, 0.7088946], 0.07309363, 0.01060124)
(125902, 0.000289, 0.009951, 8.1627272974977, 0.76222926, 0.007584943403899669, [0.46066564, -0.70722497, 0.53630215], 0.35092506, 0.00082464796)
(156029, 0.000363, 0.009862, 8.162090657537266, 0.8543717, 0.008425813966870309, [0.43801278, 0.897758, -0.046641815], 0.19237939, 0.00031056968)
(184612, 0.000396, 0.009819, 8.161665711826354, 0.6968873, 0.006842736539304255, [-0.73292035, -0.16872007, 0.65906096], 0.1742783, 0.000868638)
(202370, 0.000546, 0.009695, 8.1627272974977, 0.54425013, 0.005276505016684533, [-0.19117159, -0.7191914, -0.66799486], 1.1512865, 0.03150869)
(346705, 0.000386, 0.00986, 8.16298169239821, 0.8513244, 0.008394058381319047, [0.3997698, 0.8290282, 0.3910196], 0.30156973, 0.0014377405)
(508870, 0.000107, 0.001749, 8.162430314984947, 0.8386017, 0.001466714388012886, [nan, nan, nan], 0.038649958, 0.001535807)
(90113, 0.000193, 0.000148, 8.172830061841767, 0.6380057, 9.442483973503112e-05, [nan, nan, nan], 0.08942559, 0.00060768373)
(111670, 0.000942, 0.009532, 8.172539910423355, 0.80098134, 0.007634954159498215, [-0.03163413, -0.85878253, 0.51136273], 0.2383536, 0.0008377697)
(197837, 0.000545, 0.009885, 8.170711649284419, 0.69132847, 0.006833781885802746, [0.7767486, -0.06924354, 0.6259928], 0.622118, 0.021803174)
(473752, 0.000158, 0.000968, 8.168833841729006, 0.82039076, 0.0007941382565498352, [-0.6237071, -0.77742994, -0.08119226], 0.07675005, 0.0009905752)
(639629, 0.000199, 0.000904, 8.167829014560837, 0.74758697, 0.0006758186168670654, [nan, nan, nan], 0.017209694, 0.0005618845)
(679322, 0.000108, 0.001448, 8.168373584515454, 0.7507139, 0.0010870337052345277, [nan, nan, nan], 0.023053896, 0.0006042453)
(685656, 0.000191, 0.001387, 8.169293611686863, 0.82740337, 0.0011476084694266322, [-0.22162443, -0.6570005, -0.7205782], 0.04478499, 0.000927475)
(1210649, 0.000467, 0.009959, 8.170586714398798, 0.8061081, 0.00802803073823452, [-0.5373139, 0.6161748, 0.57586676], 0.31590694, 0.0037297248)
(45721, 0.002413, 0.008358, 8.184683366748342, 0.62889546, 0.005256308267712594, [0.23391789, -0.9708418, -0.052426174], 0.24291931, 0.019055929)
(66615, 0.010368, 0.000247, 8.178306424151254, 0.6277108, 0.00015504457235336302, [-0.6212464, 0.5406002, -0.56727797], 2.4600418, 0.0010235583)
(88064, 0.00154, 0.009078, 8.178470061863026, 0.7223152, 0.00655717731499672, [-0.87145036, 0.41248992, 0.26537958], 0.30613583, 0.0013298122)
(261195, 0.001281, 0.009556, 8.187336414225635, 0.85656565, 0.008185341392278672, [0.45848307, 0.88008004, -0.12350006], 0.6134511, 0.0025548423)
(367880, 0.000148, 0.000162, 8.189495098900446, 0.66599506, 0.00010789119994640351, [-0.46905082, 0.51400137, 0.71818787], 0.0709133, 0.0004903677)
(381673, 0.000642, 0.009588, 8.18063246076333, 0.83237654, 0.007980826262712478, [0.8093263, 0.4736245, 0.3473769], 0.21352819, 0.0004438698)
(454817, 0.000251, 0.001007, 8.192158636956579, 0.7632721, 0.000768615011394024, [0.8764515, -0.39389506, 0.2769104], 0.39361775, 0.0018811447)
(579273, 0.000147, 0.001001, 8.187817050056564, 0.8520107, 0.0008528627376556396, [nan, nan, nan], 0.18250254, 0.00054150383)
(591391, 0.00011, 0.001044, 8.188017158101346, 0.74257237, 0.0007752455513477325, [nan, nan, nan], 0.11669757, 0.0014043096)
(605877, 0.000131, 0.00059, 8.188337139314497, 0.7776274, 0.00045880017101764686, [nan, nan, nan], 0.06739212, 0.000409768)
(623690, 0.000112, 0.000482, 8.183188931808905, 0.76272416, 0.0003676330456733704, [nan, nan, nan], 0.0930282, 0.0010084633)
(674490, 0.000158, 0.000774, 8.179042308792564, 0.8106065, 0.000627409415245056, [nan, nan, nan], 0.03855375, 0.00041224225)
(687853, 0.000191, 0.001373, 8.186774999304737, 0.8275662, 0.001136248401463032, [-0.9146524, 0.37852782, -0.14187178], 0.04226117, 0.0005182582)
(815576, 0.000117, 0.003267, 8.189016317613293, 0.83284795, 0.0027209142619371417, [nan, nan, nan], 0.016781565, 0.00040194)
(1562897, 0.008124, 0.002493, 8.178429158215065, 0.68014514, 0.0016956018451452256, [0.8191078, -0.37158102, -0.4370239], 2.413885, 0.00032950152)
(187009, 0.000643, 0.009689, 8.202187892620364, 0.44429857, 0.0043048088000416755, [0.43529263, 0.7000948, 0.56602794], 0.44491217, 0.010333844)
(365485, 0.000123, 0.000576, 8.204736440505211, 0.8039527, 0.00046307675170898443, [nan, nan, nan], 0.12906215, 0.0003797106)
(482183, 0.000504, 0.001487, 8.203579863305269, 0.6133873, 0.0009121068952679635, [-0.98080814, 0.088256866, 0.17385632], 0.28849673, 0.004396739)
(760653, 0.000109, 0.001446, 8.203772840194427, 0.8587213, 0.001241711022734642, [nan, nan, nan], 0.015989887, 0.0010211382)
(28885, 0.001713, 0.00998, 8.220390430359153, 0.8601886, 0.008584682261943817, [-0.06798429, 0.9842719, -0.16305564], 0.5945825, 0.004813332)
(125241, 0.002012, 0.009744, 8.222686918258463, 0.67587584, 0.006585734210014342, [-0.7737728, -0.5687357, 0.27895433], 0.75188583, 0.024270581)
(395937, 0.000154, 0.00127, 8.215572977964525, 0.7961273, 0.0010110816955566408, [nan, nan, nan], 0.045907643, 0.0013351077)
(476055, 0.000168, 0.00177, 8.21830569371528, 0.72377336, 0.0012810788476467132, [0.26504084, 0.27870706, 0.92307943], 0.09118977, 0.003971966)
(495546, 0.000246, 0.000829, 8.218976879619822, 0.7941556, 0.0006583549904823304, [0.12742083, -0.9293246, 0.3465827], 0.34371197, 0.00063648913)
(503207, 0.000297, 0.001204, 8.218454935806749, 0.83139163, 0.0010009955255985258, [-0.8595457, -0.016797725, 0.5107827], 0.086010285, 0.00073341967)
(524738, 0.000206, 0.003218, 8.224346151221694, 0.82398534, 0.0026515848183631895, [0.98889506, -0.054129343, 0.13840726], 0.03391841, 0.0025076866)
(531926, 0.000151, 0.001738, 8.21647330372237, 0.8131195, 0.001413201640725136, [nan, nan, nan], 0.10141216, 0.002460547)
(554923, 0.000149, 0.001349, 8.21830569371528, 0.8715528, 0.001175724760890007, [0.014342555, -0.96504474, -0.26169223], 0.1741867, 0.00041481835)
(620985, 0.000141, 0.001725, 8.215572977964525, 0.7597051, 0.0013104913428425788, [nan, nan, nan], 0.07594986, 0.0026608575)
(638741, 0.000159, 0.000987, 8.22165129815494, 0.78597224, 0.0007757545984983444, [0.7307701, -0.65281653, 0.19951329], 0.019629238, 0.0019081687)
(673252, 0.000155, 0.000913, 8.218715986123598, 0.85681486, 0.0007822719683647155, [nan, nan, nan], 0.038232215, 0.00058007974)
(678268, 0.000173, 0.001952, 8.225191761908638, 0.8233359, 0.0016071516494750976, [nan, nan, nan], 0.027372226, 0.0003288828)
(59217, 0.002748, 0.009303, 8.233486463859208, 0.65512604, 0.006094637505590916, [-0.019645173, 0.7245088, 0.6889855], 0.5822744, 0.011105914)
(122375, 0.003698, 0.008442, 8.23661025227836, 0.7573001, 0.006393127265810967, [0.15345095, 0.9676138, 0.20043999], 0.72448945, 0.0060938084)
(163724, 0.002819, 0.009411, 8.239853797894174, 0.62355006, 0.005868229590296745, [0.32563773, 0.85714346, 0.39908051], 0.6251571, 0.0141303195)
(230397, 0.000386, 0.000609, 8.232223402030248, 0.56124747, 0.00034179970800876614, [-0.22218852, -0.3232851, -0.9198473], 0.511687, 0.0024584918)
(472577, 0.000252, 0.000369, 8.234638057459131, 0.66282105, 0.0002445809690952301, [-0.22012982, -0.70717293, -0.6718998], 0.06610234, 0.001019116)
(493532, 0.000143, 0.001004, 8.237717919087952, 0.8257122, 0.0008290150527954101, [nan, nan, nan], 0.10768793, 0.00071272743)
(587462, 0.000119, 0.001303, 8.231717146956548, 0.78945905, 0.0010286651417613028, [nan, nan, nan], 0.14437503, 0.001779398)
(648488, 0.000341, 0.002618, 8.23939191473494, 0.8780712, 0.0022987903726100923, [nan, nan, nan], 0.033616696, 0.0004531153)
(185665, 0.003054, 0.009608, 8.254895349645905, 0.8207178, 0.007885456733703614, [0.49506944, 0.7856323, 0.3710635], 0.97824174, 0.0031417848)
(468607, 0.001102, 0.000535, 8.254861046539224, 0.61604935, 0.00032958640187978746, [0.8026593, -0.2318558, -0.549528], 0.32623896, 0.0018374909)
(535409, 0.000227, 0.000428, 8.251382401296357, 0.8207784, 0.00035129316782951355, [nan, nan, nan], 0.07292454, 0.00038884865)
(629500, 0.00028, 0.002152, 8.25183171320343, 0.8508873, 0.0018311094665527342, [-0.23122102, -0.60112035, -0.7649778], 0.047840852, 0.0010458147)
(648834, 0.000122, 0.0006, 8.253693125849223, 0.7476056, 0.00044856337308883665, [nan, nan, nan], 0.064822905, 0.0010252739)
(781289, 0.000104, 0.001458, 8.252246050473119, 0.8404938, 0.001225439957857132, [nan, nan, nan], 0.0014564046, 0.0006183155)
(28818, 0.010411, 0.002716, 8.270592826101012, 0.65625674, 0.0017823932931423188, [-0.7221986, 0.65727, 0.21546525], 2.3140109, 0.005683317)
(74734, 0.002968, 0.009591, 8.266337284611925, 0.4326213, 0.004149270890414715, [0.31038937, 0.5699794, -0.7607772], 0.9268609, 0.011016684)
(111507, 0.002445, 8.1e-05, 8.266337284611925, 0.028636657, 2.319569192826748e-06, [-0.44088858, 0.54377186, 0.71409345], 6.7528157, 0.0006256321)
(231422, 0.000168, 0.00062, 8.270791285121328, 0.8609055, 0.0005337614274024963, [nan, nan, nan], 0.058463287, 0.0006217484)
(277250, 0.000458, 0.001579, 8.268370517796942, 0.83949554, 0.001325563457131386, [-0.84605247, 0.5243223, 0.096340664], 0.12587237, 0.0015627904)
(353843, 0.000102, 8.2e-05, 8.265367316941967, 0.3368083, 2.761828011274338e-05, [nan, nan, nan], 0.2221026, 0.00043422304)
(400065, 0.000147, 0.003294, 8.271055756154487, 0.82975745, 0.002733221046924591, [nan, nan, nan], 0.12288501, 0.00060835446)
(441348, 0.000461, 0.001081, 8.266571090529768, 0.6961239, 0.0007525099337697028, [-0.40048227, 0.5297336, -0.7476605], 0.4129595, 0.0015847174)
(513265, 0.000153, 0.001252, 8.26193839308782, 0.8425353, 0.0010548542168140411, [-0.5218429, 0.77309823, -0.36055407], 0.101052195, 0.0007225512)
(576125, 0.000117, 0.002464, 8.271749227321864, 0.8441968, 0.00208010090637207, [nan, nan, nan], 0.046262898, 0.0010562087)
(581230, 0.000111, 0.002575, 8.260552435596487, 0.83815515, 0.002158249512314796, [nan, nan, nan], 0.06221743, 0.0011015423)
(596219, 0.000115, 0.002351, 8.267971288890108, 0.8456131, 0.0019880364497900007, [nan, nan, nan], 0.038435087, 0.00074779184)
(633847, 0.000372, 0.000593, 8.261972141736235, 0.84882385, 0.0005033525403141976, [-0.37520266, -0.34152818, 0.86173165], 0.08756566, 0.0006072244)
(692738, 0.000173, 0.003229, 8.269764935953809, 0.8086428, 0.0026111076161265375, [nan, nan, nan], 0.016610118, 0.00095842074)
(770060, 0.000115, 0.001687, 8.260450850203977, 0.8552699, 0.0014428403363227844, [nan, nan, nan], 0.013335125, 0.00037828373)
(90247, 0.005408, 0.00801, 8.280115128397739, 0.7496408, 0.006004622987508774, [-0.36729312, 0.81670666, -0.44506863], 1.845979, 0.00918274)
(173560, 0.000115, 0.002009, 8.285582879055879, 0.7436161, 0.0014939247531890868, [0.73863006, 0.090118654, 0.66806006], 0.08131737, 0.0033591266)
(178332, 0.004493, 0.008951, 8.280955844655328, 0.7709841, 0.006901078797399998, [0.09839082, -0.5865866, 0.8038876], 1.4085202, 0.004438718)
(440833, 0.000154, 5.6e-05, 8.280729658022238, 0.5668578, 3.174403762817383e-05, [nan, nan, nan], 0.0908431, 0.00025162176)
(450838, 0.000313, 0.000738, 8.279402479725716, 0.7163162, 0.0005286413726806642, [0.7744969, 0.055719726, -0.63011897], 0.09680103, 0.0018176043)
(502553, 0.000288, 0.002215, 8.283596723947213, 0.8519434, 0.0018870545727014542, [nan, nan, nan], 0.049985632, 0.0005706863)
(520816, 0.000222, 0.003077, 8.280826609575694, 0.77597123, 0.0023876634865403175, [nan, nan, nan], 0.04398685, 0.0016514354)
(544938, 0.000135, 0.002252, 8.279823731634496, 0.76891476, 0.0017315960376262664, [nan, nan, nan], 0.01729179, 0.0013351872)
(569726, 0.000129, 0.000981, 8.281311042957661, 0.8401538, 0.0008241908909082414, [nan, nan, nan], 0.049891658, 0.00090369233)
(601600, 0.000108, 0.001375, 8.279110604246178, 0.64884883, 0.0008921671435236931, [nan, nan, nan], 0.035118245, 0.0038728714)
(656848, 0.000106, 0.001946, 8.283275523960747, 0.78937167, 0.0015361172684431076, [nan, nan, nan], 0.12134228, 0.0016664936)
(677044, 0.000229, 0.002721, 8.283757234900698, 0.81364584, 0.0022139303297996522, [nan, nan, nan], 0.026913617, 0.0014823135)
(116880, 0.000341, 0.001221, 8.295660795511058, 0.82164127, 0.001003223986208439, [-0.14696832, 0.70594674, 0.6928489], 0.46657977, 0.0013609959)
(179824, 0.000477, 0.001494, 8.29469163202791, 0.52992785, 0.0007917122075557709, [-0.01023108, -0.88988936, -0.45606187], 0.1958721, 0.0029645923)
(309148, 0.000101, 0.001087, 8.297779157416349, 0.6497485, 0.0007062766240239143, [nan, nan, nan], 0.010763649, 0.00292353)
(338227, 0.001555, 0.000171, 8.300752303896704, 0.68639696, 0.00011737387955188753, [0.43008748, 0.7877002, 0.4410819], 0.7293564, 0.00058702467)
(421905, 0.000539, 0.00164, 8.301122520142952, 0.7733262, 0.001268254997730255, [0.8716561, 0.33230823, 0.3602593], 0.1429945, 0.0010058794)
(556676, 0.000317, 0.000208, 8.290824783848434, 0.10134338, 2.1079422712326052e-05, [0.6665878, 0.3749068, 0.64428693], 0.13249324, 0.0013892511)
(557301, 0.000278, 0.000823, 8.295067048690305, 0.75378734, 0.0006203669797778129, [nan, nan, nan], 0.18234554, 0.0013933431)
(570133, 0.000285, 0.000968, 8.299763514894625, 0.7774944, 0.0007526145510673522, [-0.2543392, -0.13902, 0.95707107], 0.2035647, 0.001495935)
(609438, 0.000119, 0.000884, 8.291991607033738, 0.8479059, 0.0007495487928390502, [nan, nan, nan], 0.036098532, 0.0006085805)
(685922, 0.000158, 0.001793, 8.294033870976138, 0.84391254, 0.0015131351875662803, [nan, nan, nan], 0.028350119, 0.0010644512)
(703464, 0.000302, 0.003281, 8.289876404198223, 0.82532424, 0.0027078888227343558, [0.027042242, -0.11314644, 0.99321026], 0.030411877, 0.00091187336)
(717461, 0.000154, 0.002471, 8.301276683817107, 0.813102, 0.002009175059080124, [nan, nan, nan], 0.024130778, 0.00072721485)
(795528, 0.00013, 0.001973, 8.298772469508355, 0.8044874, 0.0015872536544203758, [-0.047437508, -0.6881739, -0.7239933], 0.06348524, 0.00071242056)
(1408140, 0.003974, 0.009783, 8.290951078137045, 0.18345855, 0.0017947750119119883, [-0.30745152, 0.95118725, 0.0267665], 1.0512159, 0.06195197)
(360591, 0.001085, 9.8e-05, 8.311091321671878, 0.08707482, 8.533332720398902e-06, [0.98910314, 0.13915746, -0.048065852], 0.87849534, 0.00065922405)
(432318, 0.000257, 0.000551, 8.31307591529405, 0.68151104, 0.0003755125855207443, [-0.2395687, -0.7702309, 0.5910594], 0.10360716, 0.0016388483)
(487170, 0.000189, 0.00275, 8.310850147442771, 0.84109926, 0.002313022971153259, [nan, nan, nan], 0.025842039, 0.0012733106)
(523278, 0.000479, 0.001565, 8.310457953448228, 0.80871004, 0.0012656312105059624, [-0.5006923, -0.72952425, -0.4659416], 0.23160505, 0.0014296263)
(553402, 0.000189, 0.002357, 8.312295187950454, 0.7984319, 0.001881903925418854, [nan, nan, nan], 0.017192416, 0.00059510313)
(588963, 0.000337, 0.002015, 8.306425027550688, 0.82114613, 0.0016546094530820847, [-0.94458866, 0.12136738, 0.30499548], 0.09586766, 0.00050194154)
(615063, 0.000138, 0.001724, 8.304929721319013, 0.79812914, 0.0013759746396541598, [nan, nan, nan], 0.109860346, 0.0016259593)
(637630, 0.000144, 0.001885, 8.310004981378617, 0.85690594, 0.0016152676916122437, [nan, nan, nan], 0.07131206, 0.00037936453)
(668118, 0.000276, 0.000296, 8.305937330158725, 0.81087667, 0.0002400194935798645, [-0.5061634, 0.2127134, 0.835794], 0.10442928, 0.0005151246)
(820385, 0.000132, 0.002854, 8.312265131928996, 0.79142624, 0.002258730492949486, [nan, nan, nan], 0.009946591, 0.00052525586)
(97520, 0.000381, 0.001212, 8.323246238891556, 0.7362384, 0.0008923209650516509, [nan, nan, nan], 0.260664, 0.0027529725)
(251548, 0.000101, 0.0006, 8.322982399379097, 0.75340706, 0.0004520442366600036, [nan, nan, nan], 0.058912348, 0.00060051103)
(294653, 0.0002, 0.000487, 8.322571663501245, 0.6445066, 0.0003138747013807297, [-0.15379259, -0.9846326, -0.082743846], 0.1875565, 0.0013195896)
(306964, 0.000229, 0.001807, 8.323334149788636, 0.7949814, 0.001436531426012516, [0.37917092, 0.17717743, 0.90820575], 0.074791305, 0.0024858858)
(340668, 0.002241, 0.000509, 8.318413163632343, 0.6463723, 0.00032900350999832154, [0.7950458, 0.41700098, 0.4404683], 0.4785645, 0.0013787833)
(431098, 0.000373, 0.000304, 8.322278042719386, 0.67789525, 0.00020608015537261964, [0.4053296, -0.8666037, -0.29104292], 0.15671335, 0.0006254583)
(463811, 0.000146, 0.004471, 8.32145484686682, 0.85298616, 0.003813701107680798, [nan, nan, nan], 0.008849849, 0.00023464065)
(580530, 0.000191, 0.00309, 8.321042663068905, 0.86345565, 0.0026680779683589937, [-0.6138712, -0.78498375, -0.0834426], 0.096476175, 0.00062016404)
(583277, 0.000102, 0.002, 8.325234529226975, 0.8376424, 0.0016752847433090213, [nan, nan, nan], 0.09793627, 0.0006625157)
(605847, 0.000158, 0.002228, 8.320659570371308, 0.8018133, 0.001786440042257309, [0.8810242, -0.42472893, -0.20833057], 0.06067747, 0.0014054747)
(614560, 0.000101, 0.001443, 8.321837238998588, 0.8422383, 0.0012153498769998552, [nan, nan, nan], 0.013230365, 0.00049805327)
(705340, 0.000175, 0.000944, 8.322307413732274, 0.86506027, 0.0008166168947219849, [-0.18924545, 0.14959262, -0.970468], 0.027066324, 0.00061094965)
(705914, 0.000109, 0.002242, 8.31962648415564, 0.82463944, 0.0018488416235446932, [nan, nan, nan], 0.025854034, 0.00092731795)
(20845, 0.010797, 0.004457, 8.3357826111184, 0.47336152, 0.0021097723033726215, [-0.4640229, 0.17994577, -0.86735356], 1.6505586, 0.00854319)
(321239, 0.000891, 0.00022, 8.334841993292441, 0.54178977, 0.00011919374942779542, [-0.3380468, -0.44740623, -0.8279807], 1.2738614, 0.0008506392)
(358171, 0.000411, 0.000993, 8.33059822630669, 0.57623607, 0.0005722024167180061, [-0.93722, -0.034354154, -0.34704226], 0.11599861, 0.003913084)
(415349, 0.000319, 0.003409, 8.334013704594744, 0.7963542, 0.002714771381258965, [-0.41889754, 0.89075243, 0.17630935], 0.09067255, 0.002107198)
(437883, 0.000429, 0.001532, 8.33740253155615, 0.83288294, 0.0012759766652584075, [0.6338689, 0.42530358, -0.6460086], 0.38094872, 0.0004368613)
(456548, 0.000159, 0.002782, 8.336721196106843, 0.80207425, 0.002231370573401451, [0.55846477, -0.5651667, 0.60720986], 0.08352996, 0.001770695)
(466923, 0.000139, 0.001521, 8.337941165076426, 0.87056494, 0.0013241292700767518, [-0.5435547, 0.7772392, -0.31693444], 0.05635059, 0.00036786278)
(475643, 0.000324, 0.00149, 8.329675177113511, 0.31849116, 0.00047455182969570166, [0.68089974, -0.500472, 0.5346993], 0.12622435, 0.003558443)
(477157, 0.000118, 0.002242, 8.332753966273037, 0.8137994, 0.0018245382127761842, [0.7593527, 0.29823667, 0.5783065], 0.024573568, 0.0004801725)
(484670, 0.000332, 0.001017, 8.329010521623381, 0.7051045, 0.0007170912462472915, [0.46219522, 0.8842194, 0.067316815], 0.41508284, 0.002698261)
(486056, 0.000152, 0.002009, 8.339637740507941, 0.78979367, 0.0015866954833865165, [nan, nan, nan], 0.032793663, 0.0020845656)
(511351, 0.000436, 0.003667, 8.332122724182394, 0.83506763, 0.0030621929985284804, [0.57066405, 0.5321968, -0.62538713], 0.053096768, 0.0008162436)
(518602, 0.000394, 0.000648, 8.332868639052606, 0.82488376, 0.0005345246758460999, [-0.6862004, -0.6622672, -0.300884], 0.14561336, 0.00061738776)
(520394, 0.00013, 0.001131, 8.339101208357633, 0.8020552, 0.0009071244086623193, [0.49873152, -0.542075, -0.67632955], 0.18705048, 0.0012861914)
(530465, 0.000179, 0.001813, 8.334841993292441, 0.6731302, 0.0012203850783705711, [0.169494, -0.980994, 0.094459295], 0.13369411, 0.005273643)
(537066, 0.000156, 0.001301, 8.332122724182394, 0.8085099, 0.001051871362030506, [nan, nan, nan], 0.120597355, 0.0018187586)
(572820, 0.000114, 0.004674, 8.339101208357633, 0.82141566, 0.003839296807765961, [-0.15765615, 0.4853198, -0.8600054], 0.058785204, 0.0008356954)
(582115, 0.000102, 0.001301, 8.330569410695631, 0.8029738, 0.0010446689227223398, [nan, nan, nan], 0.07899478, 0.002043466)
(599590, 0.000175, 0.002111, 8.33059822630669, 0.8320316, 0.0017564187237024307, [nan, nan, nan], 0.086806126, 0.00044496162)
(646244, 0.000104, 0.000727, 8.33941191301795, 0.8466968, 0.0006155485692620278, [nan, nan, nan], 0.008353545, 0.00065866555)
(656743, 0.000187, 0.0004, 8.332438459915606, 0.81411827, 0.00032564730644226076, [nan, nan, nan], 0.04939855, 0.000491484)
(352521, 0.000211, 0.000126, 8.350203952129275, 0.49523327, 6.239939171075821e-05, [-0.38664633, 0.101269335, -0.9166511], 0.100584015, 0.00060080655)
(368503, 0.000153, 0.004147, 8.350093767051453, 0.79003936, 0.0032762932280898096, [nan, nan, nan], 0.012674354, 0.004532123)
(370769, 0.000146, 0.001972, 8.350699439327235, 0.7631564, 0.0015049444484710693, [nan, nan, nan], 0.12401149, 0.0027391394)
(377453, 0.000407, 0.00099, 8.342899111431233, 0.68912554, 0.0006822342824935913, [0.23409016, 0.73817456, -0.63269275], 0.059955608, 0.0025081625)
(455766, 0.000133, 0.000223, 8.350754458581365, 0.6281459, 0.0001400765298008919, [nan, nan, nan], 0.28190362, 0.0006429051)
(461995, 0.000275, 0.001341, 8.349017994975194, 0.79352874, 0.0010641220344901085, [-0.9139195, 0.34897503, 0.20728639], 0.18415664, 0.0019792067)
(462256, 0.00024, 0.001378, 8.349073227644976, 0.819568, 0.0011293646742105484, [0.7918915, -0.0616931, 0.60753745], 0.45840904, 0.00040879103)
(513471, 0.000466, 0.000576, 8.345329166967453, 0.7386532, 0.00042546423339843753, [-0.2824753, 0.012626188, 0.95919144], 0.20054388, 0.0005114631)
(521846, 0.00016, 0.0035, 8.344576465876422, 0.792551, 0.0027739284336566923, [nan, nan, nan], 0.055315856, 0.0033048624)
(531114, 0.000111, 0.001955, 8.349266486691, 0.7877711, 0.0015400925117731094, [nan, nan, nan], 0.11731502, 0.00080319704)
(570475, 0.000259, 0.000983, 8.35086447618345, 0.7461791, 0.0007334940590858458, [-0.69691014, -0.70289963, 0.14229724], 0.086393714, 0.0023785098)
(584716, 0.000104, 0.003681, 8.348022603863413, 0.82497406, 0.0030367295150756832, [nan, nan, nan], 0.0024686514, 0.0017417093)
(585983, 0.00011, 0.001829, 8.345746771232365, 0.69562393, 0.001272296175777912, [nan, nan, nan], 0.0598957, 0.0021536131)
(587772, 0.000228, 8.8e-05, 8.34962516834569, 0.5862639, 5.159122276306152e-05, [0.9110301, 0.4121493, 0.012528009], 0.095800765, 0.0003850427)
(734017, 0.000182, 0.001946, 8.350974465922395, 0.83296764, 0.001620955025434494, [nan, nan, nan], 0.0359669, 0.0009961105)
(739627, 0.000106, 0.003298, 8.349680323855278, 0.7797508, 0.0025716182174682625, [nan, nan, nan], 0.014847923, 0.00035342056)
(740666, 0.000109, 0.00201, 8.350726949825575, 0.7928843, 0.00159369742333889, [nan, nan, nan], 0.0015622011, 0.0005163125)
(208654, 0.000163, 0.00277, 8.360868697296455, 0.728139, 0.00201694498360157, [0.8883422, 0.12561364, -0.4416666], 0.012764908, 0.0014310281)
(297879, 0.000607, 0.002412, 8.363173789756214, 0.77672637, 0.0018734639925956729, [-0.3328037, 0.5258038, -0.7827976], 0.7733055, 0.003760383)
(321878, 0.000266, 0.000363, 8.35817288180055, 0.75482166, 0.0002740002619028091, [0.5547872, 0.8263415, 0.09680326], 0.07306165, 0.0008507066)
(332136, 0.000194, 0.001627, 8.35461585312394, 0.79597104, 0.0012950448755025862, [-0.3007009, 0.1293751, 0.9449027], 0.13119327, 0.0018293483)
(432183, 0.000179, 0.001341, 8.358443217621232, 0.48657855, 0.000652501840800047, [nan, nan, nan], 0.08433432, 0.0017601494)
(470784, 0.000127, 0.001493, 8.361137360764289, 0.8261305, 0.0012334128504991532, [-0.42247316, 0.31829947, 0.8486471], 0.035683, 0.00039313323)
(507841, 0.000286, 0.001701, 8.35914530423372, 0.8777762, 0.0014930973256230356, [0.9230026, -0.31648746, 0.21886492], 0.062042076, 0.0004255321)
(513455, 0.000142, 0.001159, 8.364375084537322, 0.8472069, 0.0009819127861857414, [nan, nan, nan], 0.056195717, 0.0011185334)
(535067, 0.000286, 0.001726, 8.359819318836376, 0.659012, 0.0011374547458887102, [-0.011586654, -0.8730674, 0.48746192], 0.09160197, 0.0048234295)
(544024, 0.000205, 0.002224, 8.359172284911635, 0.7655791, 0.001702647928237915, [-0.5840146, 0.80215925, -0.12436795], 0.009082063, 0.0022119465)
(558115, 0.000102, 0.000224, 8.361888735487875, 0.83227044, 0.0001864285793304443, [nan, nan, nan], 0.043414008, 0.0002606593)
(578594, 0.000378, 0.001521, 8.356764416486042, 0.8137626, 0.0012377329224944114, [-0.7808136, 0.29599145, -0.55019933], 0.1190129, 0.0020549279)
(584418, 0.000392, 0.000415, 8.362959877927285, 0.6845841, 0.0002841023936867714, [nan, nan, nan], 0.20787846, 0.0012859907)
(613293, 0.000107, 0.001794, 8.356818672777187, 0.72770035, 0.0013054944326877595, [nan, nan, nan], 0.035438437, 0.0005325376)
(649900, 0.000144, 0.002395, 8.36212997297824, 0.8490923, 0.002033576069772243, [nan, nan, nan], 0.027972914, 0.0021991539)
(662604, 0.000245, 0.002171, 8.358794402802857, 0.8365125, 0.00181606865054369, [-0.80834067, 0.5292136, -0.2579116], 0.037732217, 0.00088162336)
(692561, 0.000221, 0.002262, 8.360599867525009, 0.8487581, 0.0019198908255100252, [nan, nan, nan], 0.06836661, 0.0011347807)
(94120, 0.01211, 0.003853, 8.367403575579955, 0.7213681, 0.0027794311907291414, [0.02995686, 0.899726, 0.43542603], 1.8379245, 0.00048992864)
(331619, 0.000105, 0.001788, 8.36840839764975, 0.6331248, 0.001132027193069458, [nan, nan, nan], 0.02292936, 0.00058736006)
(402971, 0.000244, 0.00306, 8.370726466743061, 0.66264397, 0.0020276905453205105, [-0.3270309, 0.71073097, 0.622826], 0.042896304, 0.006903784)
(428927, 0.000307, 0.001622, 8.36935819459891, 0.6539129, 0.0010606467268466948, [-0.110021584, 0.4711491, 0.875165], 0.16985841, 0.004856075)
(439002, 0.000259, 0.001411, 8.374102337928656, 0.48457596, 0.0006837366754114629, [-0.6951501, -0.70280105, -0.15111926], 0.3295936, 0.0060975133)
(457564, 0.000312, 0.000908, 8.373867661669628, 0.8474075, 0.0007694460279941558, [nan, nan, nan], 0.33882904, 0.0005214649)
(481198, 0.000252, 0.000396, 8.370437383842251, 0.7941535, 0.00031448479056358337, [0.68071306, -0.6626555, -0.3122779], 0.19363447, 0.000523977)
(552775, 0.000296, 0.000518, 8.374805606802843, 0.78290254, 0.00040554351508617403, [nan, nan, nan], 0.19619529, 0.00054684194)
(572746, 0.000211, 0.00223, 8.371225338969625, 0.8300465, 0.0018510036391019822, [nan, nan, nan], 0.14406863, 0.0010890013)
(600814, 0.000148, 0.001851, 8.37119909681838, 0.78974044, 0.001461809560418129, [nan, nan, nan], 0.049461886, 0.0020173264)
(614267, 0.000103, 0.000478, 8.36867243856371, 0.61409986, 0.000293539733171463, [nan, nan, nan], 0.13564557, 0.0016869085)
(614556, 0.000158, 0.002242, 8.370174414120681, 0.7862299, 0.0017627274547815325, [0.3804236, -0.118908525, 0.91713613], 0.0845472, 0.0013550628)
(621759, 0.000391, 0.003686, 8.367853388651655, 0.8206067, 0.003024756327629089, [0.18916912, 0.7927587, -0.5794382], 0.028469248, 0.0030865879)
(627597, 0.000172, 0.002245, 8.370568809015566, 0.87218523, 0.00195805584192276, [0.27640533, -0.9271797, 0.2528595], 0.055694334, 0.00045795552)
(660533, 0.000172, 0.001683, 8.367403575579955, 0.84510595, 0.001422313307225704, [nan, nan, nan], 0.022034649, 0.0006883723)
(776888, 0.000161, 0.003089, 8.369305482560744, 0.7432837, 0.0022960033153891562, [nan, nan, nan], 0.04317767, 0.0019427659)
(373773, 0.000218, 0.000914, 8.382978437152973, 0.3150195, 0.00028792781233787535, [-0.5177477, -0.73876715, 0.43146318], 0.27946788, 0.0050893887)
(383556, 0.000104, 0.002212, 8.379413686383108, 0.81525874, 0.0018033523359298705, [nan, nan, nan], 0.017341496, 0.00047800533)
(413698, 0.000335, 0.000219, 8.379465185788114, 0.7347013, 0.00016089957940578463, [0.044640735, -0.9394216, -0.3398444], 0.23082787, 0.0004984278)
(450021, 0.000436, 0.000557, 8.379413686383108, 0.15555811, 8.664586687088013e-05, [-0.07152962, -0.73628396, -0.6728815], 0.2960008, 0.0037711593)
(489395, 0.000209, 0.001658, 8.37920762767245, 0.7393263, 0.0012258030024766924, [nan, nan, nan], 0.12008326, 0.004153768)
(501095, 0.000524, 0.001765, 8.378743637797223, 0.7512585, 0.0013259712392091753, [-0.4297382, -0.284792, -0.8568656], 0.17702436, 0.0039741374)
(588263, 0.000134, 0.003455, 8.378150039542055, 0.7475669, 0.0025828435662388805, [nan, nan, nan], 0.048620217, 0.001132186)
(593580, 0.000218, 0.002668, 8.382722954774934, 0.8002984, 0.0021351961119174955, [0.30568144, 0.90943074, -0.28194785], 0.12671332, 0.0019390432)
(623201, 0.000138, 0.000508, 8.381853188778583, 0.59191084, 0.00030069070625305175, [nan, nan, nan], 0.038036622, 0.0017708198)
(676655, 0.000208, 0.001616, 8.378098383939031, 0.7434516, 0.0012014177780151367, [-0.62764335, -0.7710233, 0.10764216], 0.03922727, 0.0025221389)
(699987, 0.000168, 0.002197, 8.380673667113134, 0.84014374, 0.0018457957971692088, [nan, nan, nan], 0.025593616, 0.0012945594)
(751925, 0.000129, 0.002273, 8.381648284560626, 0.8030228, 0.0018252708286643025, [nan, nan, nan], 0.019372769, 0.00074980373)
(788625, 0.000192, 0.003087, 8.381520170313877, 0.79503495, 0.002454272875249386, [nan, nan, nan], 0.024827337, 0.00047429788)
(182682, 0.00012, 0.00285, 8.39596144268995, 0.8290044, 0.002362662559747696, [nan, nan, nan], 0.044137467, 0.0008171769)
(291833, 0.000287, 0.001383, 8.396506447530276, 0.7873787, 0.0010889447813630104, [0.5388084, -0.32392803, -0.7776606], 0.14390004, 0.0016590129)
(435185, 0.000118, 0.002301, 8.393201166142081, 0.79766476, 0.0018354266163110734, [nan, nan, nan], 0.030908076, 0.0023839034)
(435359, 0.000475, 0.001482, 8.392701948336777, 0.53993964, 0.0008001905493736267, [-0.24630971, -0.96451396, -0.095101036], 0.51649153, 0.0053154053)
(441111, 0.000148, 0.000245, 8.397643797805557, 0.7530085, 0.00018448707878589626, [nan, nan, nan], 0.05737163, 0.000489894)
(477239, 0.000168, 0.002247, 8.393101368478195, 0.7405273, 0.0016639647806882857, [-0.00260119, 0.5892103, 0.80797553], 0.050623763, 0.002440139)
(503756, 0.000176, 0.004391, 8.391801907639966, 0.760477, 0.0033392545352578158, [nan, nan, nan], 0.05606653, 0.0009135442)
(523034, 0.000215, 0.001346, 8.393799471016324, 0.7493033, 0.0010085622166395186, [nan, nan, nan], 0.044534795, 0.0024675117)
(540171, 0.000624, 0.00219, 8.39207711802455, 0.8113148, 0.0017767794585227968, [0.5162735, -0.81855243, 0.2518604], 0.11006367, 0.0032786191)
(564498, 0.000157, 0.003963, 8.391651719345015, 0.81435853, 0.003227302864015103, [nan, nan, nan], 0.050693367, 0.001098471)
(617698, 0.000104, 0.002711, 8.39210212850467, 0.7794635, 0.002113125628709793, [nan, nan, nan], 0.045102254, 0.004006701)
(618733, 0.000105, 0.002029, 8.397100219273998, 0.7832229, 0.0015891592919826509, [nan, nan, nan], 0.016301874, 0.0031330455)
(624688, 0.000135, 0.003711, 8.395812686229545, 0.8095936, 0.003004401916086674, [nan, nan, nan], 0.016293786, 0.00054399244)
(630040, 0.000194, 0.002744, 8.395142650896995, 0.76931596, 0.0021110029888153077, [-0.41356155, 0.43096635, -0.80201924], 0.04321833, 0.0026969383)
(640735, 0.000166, 0.002586, 8.390498546988448, 0.8322533, 0.002152206975102425, [nan, nan, nan], 0.044766914, 0.0011502523)
(664305, 0.000182, 0.003286, 8.397372093585068, 0.7762664, 0.0025508113774061203, [0.84453505, 0.07740227, -0.5298768], 0.057353176, 0.002749843)
(733984, 0.000109, 0.003646, 8.393550277480738, 0.8471323, 0.003088644457578659, [-0.9974194, 0.055181596, -0.045928653], 0.015246432, 0.00094020274)
(811166, 0.000109, 0.002721, 8.392452124076607, 0.6982983, 0.0019000696075558662, [nan, nan, nan], 0.008403567, 0.0003630023)
(1376429, 0.014322, 0.002889, 8.388233445459992, 0.51334995, 0.0014830680064558985, [0.58530706, -0.3589352, -0.7270359], 2.4018462, 0.0010925183)
(432651, 0.000177, 0.001482, 8.407047915167915, 0.8072334, 0.0011963198887109756, [nan, nan, nan], 0.06697794, 0.00058573874)
(451932, 0.000264, 0.00443, 8.405789580690957, 0.8286836, 0.0036710684132575987, [0.1616189, 0.91222435, 0.3764652], 0.0515409, 0.0015356063)
(497547, 0.000261, 0.004932, 8.407192873274035, 0.7754564, 0.003824551105499267, [nan, nan, nan], 0.06480704, 0.0026311884)
(527171, 0.000146, 0.000534, 8.404673391331006, 0.83009833, 0.0004432725087404251, [-0.39720756, -0.013517411, 0.91762924], 0.10335456, 0.00045148685)
(550784, 0.000276, 0.002944, 8.402090328218494, 0.6692255, 0.001970199913024902, [0.8956194, 0.2877731, 0.33919385], 0.07109315, 0.0074807643)
(565157, 0.000159, 0.000413, 8.402041443202469, 0.7767405, 0.00032079382294416425, [nan, nan, nan], 0.05946252, 0.00066557276)
(578035, 0.000259, 0.001577, 8.400596854164698, 0.7587964, 0.0011966219131350517, [0.5668462, 0.8075214, -0.16307844], 0.07535617, 0.0029714368)
(600176, 0.000262, 0.003437, 8.403042487848522, 0.8089314, 0.002780297257244587, [-0.24402957, -0.5206712, 0.8181388], 0.09755612, 0.0033609767)
(612141, 0.000122, 0.002254, 8.40301809955808, 0.8213259, 0.0018512685744762418, [-0.6735832, 0.30826503, -0.67175764], 0.08438292, 0.0019276778)
(617513, 0.000317, 0.002595, 8.405353152523688, 0.83372706, 0.0021635217252373696, [-0.5634143, 0.26387388, 0.7829016], 0.098177746, 0.00086846907)
(618547, 0.000218, 0.001203, 8.401234044986607, 0.7711599, 0.0009277053444385529, [-0.20368119, -0.5038043, -0.8394612], 0.016448842, 0.0011327949)
(755322, 0.000123, 0.00239, 8.4063466014328, 0.82544667, 0.001972817530035973, [nan, nan, nan], 0.01556797, 0.00066858873)
(97412, 0.016217, 0.001689, 8.415992401818745, 0.0052897027, 8.934307820163666e-06, [0.71109766, 0.24885872, -0.6575785], 5.1533604, 0.0180797)
(139745, 0.000134, 0.002241, 8.413618812908258, 0.83969027, 0.001881745890676975, [nan, nan, nan], 0.08838757, 0.0015044624)
(190362, 0.018261, 0.000229, 8.419364252017061, 0.00053816073, 1.2323880795156584e-07, [-0.67655, 0.06566881, -0.73346287], 4.9354057, 0.0036557391)
(196116, 0.00012, 0.000386, 8.41111250346536, 0.6112466, 0.00023594118213653563, [nan, nan, nan], 0.030700967, 0.00074821815)
(265158, 0.000488, 0.000714, 8.417174349211415, 0.4101824, 0.0002928702240586281, [0.89271533, -0.023769462, -0.44999373], 0.055174954, 0.00080632395)
(275552, 0.000174, 0.001553, 8.419152807889807, 0.8392723, 0.0013033899133801459, [nan, nan, nan], 0.09145814, 0.00070985244)
(337129, 0.000891, 0.000796, 8.418211808698407, 0.6158925, 0.0004902504534721375, [-0.8640833, -0.497938, -0.073605224], 0.9851022, 0.0029672887)
(346452, 0.001088, 0.000769, 8.411782268165922, 0.53927046, 0.00041469898420572285, [-0.35197878, 0.92656076, -0.13265026], 0.48256516, 0.0035460303)
(349584, 0.00017, 0.000174, 8.417716966718718, 0.4116128, 7.162062871456147e-05, [nan, nan, nan], 0.05453672, 0.0004959381)
(352649, 0.000185, 0.001419, 8.416252706379103, 0.8564366, 0.0012152835499048232, [nan, nan, nan], 0.15825355, 0.0005151104)
(446430, 0.000442, 0.000539, 8.411925654888813, 0.8009634, 0.00043171927356719966, [0.70370114, -0.26332796, 0.6598962], 0.25782245, 0.000701146)
(487990, 0.000186, 0.001688, 8.41221228639096, 0.7717783, 0.0013027617459297179, [-0.8998899, 0.06913598, -0.43060228], 0.09013176, 0.0016991359)
(495294, 0.000231, 0.003959, 8.414854698000978, 0.6939625, 0.002747397594511509, [nan, nan, nan], 0.049712915, 0.009965488)
(518588, 0.000323, 0.000672, 8.412260039921371, 0.8733182, 0.0005868698272705078, [0.9141709, -0.16417533, -0.37059134], 0.20888387, 0.0004840782)
(530194, 0.000168, 0.002282, 8.415400219663256, 0.8161742, 0.0018625095452070237, [-0.21230368, -0.46710023, 0.85833824], 0.1571832, 0.0022552)
(530884, 0.000201, 0.003572, 8.415423922459382, 0.7847887, 0.0028032653355598448, [nan, nan, nan], 0.22490539, 0.005384918)
(541096, 0.000435, 0.00147, 8.412928038596977, 0.73261464, 0.0010769435155391692, [-0.8316149, 0.4776528, -0.2833097], 0.20382008, 0.0020971382)
(550614, 0.000224, 0.004051, 8.416867352202098, 0.8035902, 0.0032553438130617143, [0.97200537, -0.16049491, 0.17160067], 0.042596277, 0.0015835462)
(555224, 0.000161, 0.002431, 8.418753132333526, 0.8043503, 0.001955375619471073, [nan, nan, nan], 0.03742331, 0.0011891241)
(557288, 0.000144, 0.001268, 8.411686650710251, 0.7311637, 0.0009271155469417572, [nan, nan, nan], 0.033223793, 0.002816338)
(567770, 0.000127, 0.001155, 8.419058799667805, 0.8392054, 0.0009692822188138961, [nan, nan, nan], 0.05965831, 0.00083644746)
(577996, 0.00019, 0.002949, 8.410801189826007, 0.7346658, 0.0021665294768214226, [nan, nan, nan], 0.037306, 0.0014908214)
(582124, 0.000238, 0.00361, 8.417174349211415, 0.82457155, 0.0029767032951116563, [-0.007845268, -0.5311717, 0.8472279], 0.04070715, 0.0018204392)
(616745, 0.000149, 0.003074, 8.412832673097713, 0.8029895, 0.0024683896703720093, [nan, nan, nan], 0.022245277, 0.0005463541)
(621547, 0.000209, 0.003675, 8.418046924011772, 0.79669243, 0.00292784468382597, [-0.1697167, -0.50505465, 0.8462364], 0.04523884, 0.0026528826)
(653027, 0.000172, 0.001928, 8.417551894017068, 0.84329695, 0.00162587651014328, [nan, nan, nan], 0.064503066, 0.0010715895)
(709601, 0.000101, 0.002395, 8.416489211575767, 0.7609636, 0.0018225078669190406, [nan, nan, nan], 0.020182967, 0.0020637086)
(720798, 0.000112, 0.00275, 8.414712275235631, 0.82968205, 0.0022816256433725356, [nan, nan, nan], 0.020712558, 0.00032813218)
(721400, 0.000104, 0.002313, 8.414641046334305, 0.82425517, 0.0019065022045969963, [nan, nan, nan], 0.0036627844, 0.0020274636)
(764816, 0.000127, 0.003985, 8.412975713494868, 0.7735869, 0.003082743911445141, [nan, nan, nan], 0.020687008, 0.0011008614)
(314553, 0.001397, 0.000933, 8.422966435118436, 0.33358598, 0.00031123571705818175, [-0.30063847, 0.77192235, 0.560136], 0.35180095, 0.005285156)
(454611, 0.000319, 0.000316, 8.424547549658984, 0.44361678, 0.00014018290174007417, [0.686409, 0.6996081, -0.1984722], 0.17740972, 0.0011693544)
(481774, 0.000304, 0.001802, 8.427969029259197, 0.5748354, 0.0010358534262180329, [nan, nan, nan], 0.07281327, 0.005407337)
(484517, 0.000493, 0.001582, 8.427254596295992, 0.7880257, 0.001246656621336937, [0.19980676, -0.37461284, 0.9053963], 0.4376771, 0.0018120753)
(489325, 0.000319, 0.001717, 8.426354120958413, 0.482388, 0.0008282601784169674, [0.4565046, -0.14874426, -0.87719935], 0.119796, 0.007240401)
(491217, 0.00015, 0.000429, 8.423245873936807, 0.75580305, 0.0003242395078539848, [nan, nan, nan], 0.072048925, 0.00032043428)
(509162, 0.000134, 0.001281, 8.422173713988656, 0.7670198, 0.00098255237442255, [-0.4664239, 0.759034, -0.45422035], 0.055531584, 0.00060496264)
(513861, 0.000141, 0.002354, 8.426793047305313, 0.75318426, 0.0017729957455396652, [nan, nan, nan], 0.27578834, 0.00059493585)
(598576, 0.000164, 0.003652, 8.426723772630398, 0.81807023, 0.0029875924904346467, [-0.85628015, 0.513144, 0.058885626], 0.013795492, 0.0011784874)
(599917, 0.000178, 0.002747, 8.426515882280597, 0.8203462, 0.002253490947186947, [nan, nan, nan], 0.05570032, 0.0008417411)
(624633, 0.000174, 0.003605, 8.425868475170702, 0.7974561, 0.002874829188883304, [nan, nan, nan], 0.032208916, 0.0013025643)
(28783, 0.01433, 0.004671, 8.431203798813533, 0.7146324, 0.003338047902703285, [0.30573863, -0.6963745, 0.64929694], 1.9754441, 0.00739729)
(121454, 0.000277, 0.000806, 8.434822845600413, 0.22641458, 0.0001824901483952999, [-0.5488497, -0.36784056, -0.75063795], 0.26533678, 0.004949745)
(330807, 0.000359, 0.000641, 8.432937420561164, 0.42202684, 0.00027051920625567437, [nan, nan, nan], 0.19782391, 0.0016086379)
(434034, 0.000513, 0.002189, 8.43152367060549, 0.85806084, 0.0018782951717376706, [-0.30490413, 0.6496444, -0.69641626], 0.08968224, 0.0004989415)
(435819, 0.000183, 0.002305, 8.436677551169971, 0.7226311, 0.0016656646782159806, [nan, nan, nan], 0.09147224, 0.004879544)
(456634, 0.000141, 0.001331, 8.433642573469204, 0.77732176, 0.0010346152570843696, [-0.013733871, 0.065156065, 0.99778056], 0.17385201, 0.0021218702)
(457537, 0.000529, 0.001941, 8.436271098653732, 0.8146176, 0.0015811727115511893, [0.3063809, -0.60366887, -0.7360127], 0.12750076, 0.0019147643)
(462612, 0.000254, 0.003078, 8.435819038155016, 0.7718831, 0.0023758560909032823, [nan, nan, nan], 0.1289628, 0.002862461)
(504988, 0.000304, 0.000308, 8.434142310885184, 0.750128, 0.00023103941512107846, [0.91003466, -0.38542697, 0.15258765], 0.3470563, 0.00064157695)
(529823, 0.00023, 0.001163, 8.431843306975013, 0.5350098, 0.0006222163990139961, [0.33375075, -0.84475327, -0.4183329], 0.06740343, 0.0049064253)
(545319, 0.000395, 0.001959, 8.433642573469204, 0.83754, 0.0016407408029437064, [0.43982714, -0.49162203, 0.75157166], 0.09326909, 0.00092934846)
(560863, 0.000144, 0.003265, 8.43755689548795, 0.7661938, 0.002501622780263424, [nan, nan, nan], 0.012901021, 0.0007934885)
(575971, 0.000155, 0.000336, 8.431386611542106, 0.8026159, 0.0002696789360046387, [nan, nan, nan], 0.08847209, 0.00036986684)
(576097, 0.00028, 0.000938, 8.437872123765302, 0.7810269, 0.0007326032320261001, [-0.39635003, 0.9158847, 0.06373255], 0.18366535, 0.0013990031)
(582500, 0.000102, 0.002682, 8.433392488954981, 0.75717115, 0.002030733035087586, [nan, nan, nan], 0.031658955, 0.0025979646)
(271081, 0.000678, 0.001087, 8.440251456524667, 0.5525344, 0.0006006048943400384, [-0.65319574, -0.41579583, 0.6328105], 0.41119292, 0.0037955223)
(412736, 0.000195, 0.001515, 8.448807294629274, 0.8546331, 0.0012947691357135774, [-0.55912775, -0.6629685, -0.49784425], 0.09273454, 0.00052658864)
(415720, 0.001177, 0.001085, 8.441480898450529, 0.464238, 0.0005036982169747353, [0.27402282, -0.53134525, 0.8016132], 0.4809472, 0.0031491937)
(418536, 0.000179, 0.002122, 8.445546710992186, 0.80704516, 0.0017125498331785202, [nan, nan, nan], 0.7210405, 0.0021186895)
(474137, 0.000182, 0.001091, 8.448895079658003, 0.39953136, 0.0004358887186050415, [nan, nan, nan], 0.25682533, 0.0055781724)
(542881, 0.000123, 0.003739, 8.447664471589421, 0.782861, 0.002927117257833481, [nan, nan, nan], 0.027764797, 0.0022729947)
(563271, 0.000253, 0.003444, 8.443995974100037, 0.8375157, 0.002884404111385345, [nan, nan, nan], 0.05251872, 0.001441848)
(565726, 0.000319, 0.002587, 8.446010854354004, 0.82222295, 0.0021270907666683194, [0.7608406, -0.4787416, 0.438096], 0.14778177, 0.00052634714)
(581952, 0.000173, 0.002279, 8.445723586006352, 0.7605506, 0.0017332948588132861, [nan, nan, nan], 0.06721598, 0.0005527808)
(589000, 0.000328, 0.001642, 8.44481633915982, 0.7337787, 0.0012048646502494811, [nan, nan, nan], 0.10519086, 0.0035257142)
(629960, 0.000154, 0.000784, 8.441503219756108, 0.76067716, 0.0005963708925247192, [nan, nan, nan], 0.05304167, 0.0015842323)
(647889, 0.000115, 0.003514, 8.442506492960089, 0.7169027, 0.0025191959937810897, [nan, nan, nan], 0.021706006, 0.0024039934)
(673119, 0.000197, 0.003409, 8.441993998450306, 0.83333135, 0.0028408265602588656, [-0.54643536, -0.11400407, 0.8297056], 0.055366572, 0.0004932852)
(684267, 0.000107, 0.002725, 8.444373091027954, 0.79756427, 0.0021733626306056977, [nan, nan, nan], 0.027359815, 0.0017453356)
(693289, 0.000135, 0.00351, 8.442862654523385, 0.775317, 0.002721362716555596, [nan, nan, nan], 0.0015653518, 0.004236901)
(709476, 0.000152, 0.004501, 8.445657266317454, 0.7475785, 0.0033648508361577988, [nan, nan, nan], 0.03950371, 0.0015246937)
(827938, 0.000139, 0.003604, 8.445015653323443, 0.79051375, 0.0028490115690231327, [0.49395937, 0.22952934, 0.838642], 0.013902366, 0.001042323)
(162693, 0.003434, 0.000159, 8.451411340591273, 0.12915854, 2.053620810806751e-05, [0.6155167, 0.49557453, -0.6128173], 1.4710253, 0.0010193833)
(336185, 0.000268, 0.001649, 8.453327028630136, 0.73930055, 0.0012191066053509714, [-0.61516374, -0.7502186, 0.24237524], 0.24280094, 0.0017422556)
(532106, 0.00024, 0.000735, 8.45202179478281, 0.85997784, 0.0006320837134122848, [-0.79989696, 0.19496681, -0.5675851], 0.046442725, 0.00025559324)
(532828, 0.000269, 0.000719, 8.452283155562155, 0.80568314, 0.00057928617477417, [0.09073783, 0.94831187, 0.30409104], 0.051297106, 0.0009593549)
(549293, 0.000289, 0.004181, 8.451324062761014, 0.8149927, 0.003407484586775303, [0.5415581, -0.81595147, -0.20233133], 0.064964876, 0.0023332448)
(555109, 0.000158, 0.00174, 8.452892386398199, 0.75473654, 0.0013132415843009949, [nan, nan, nan], 0.053436022, 0.00029867134)
(561355, 0.000162, 0.003472, 8.45230492852894, 0.7865431, 0.0027308775434494014, [0.96162397, -0.004314299, 0.27433702], 0.057542857, 0.001958742)
(591981, 0.000183, 0.003916, 8.45282715252922, 0.79179376, 0.003100664378404618, [nan, nan, nan], 0.03165372, 0.0016592076)
(592876, 0.000241, 0.002477, 8.451542224458425, 0.83128375, 0.0020590898441672327, [nan, nan, nan], 0.053733986, 0.00032473548)
