(104979, 8.15359835579929, 0.000243, 0.007745104847550393, 0.03207222, 0.0011561944, 0.000460691934303825, 15.81779028623822, 493.19287178244053)
(168607, 8.15597403396002, 0.000259, 0.0063618703551292415, 0.16450553, 0.0014742905, 0.0003676243895650276, 15.100740203641953, 91.79472692280893)
(213797, 8.155499936825562, 0.003359, 0.005324902264118195, 1.3287853, 0.011773023, 0.0, 0.0, 0.0)
(270751, 8.155154813547718, 0.0017, 0.006928421264827253, 1.4331185, 0.011121767, 0.0, 0.0, 0.0)
(298198, 8.15562928737958, 0.000242, 0.008805055928230287, 0.16349748, 0.0012452553, 0.0003687168293245904, 13.691360632289596, 83.74049943943844)
(384921, 8.154247557896216, 0.000671, 0.006756479995250702, 0.54484165, 0.001488191, 1.6568582490710405e-05, 0.26517472341704135, 0.48670053660002205)
(1608198, 8.15644761411113, 0.000756, 0.007175915471076965, 0.30079642, 0.0004476326, 0.0003067022595431696, 1.3104712702466734, 4.356671765730036)
(130641, 8.164166902246206, 0.005173, 0.00408462401330471, 0.60602546, 0.0010871855, 4.531958805245907e-06, 0.00687318040408947, 0.011341405366186214)
(153503, 8.1627272974977, 0.000477, 0.0077091361181735995, 0.6974945, 0.0011427577, 1.2420168087431623e-06, 0.021472067671120046, 0.030784569155914557)
(180578, 8.1617507342389, 0.000636, 0.007004515128910541, 0.4830818, 0.010598827, 2.6511404821857708e-05, 3.1881889019782435, 6.5996874690337)
(206187, 8.162600044144666, 0.000277, 0.008732808086872101, 0.1738808, 0.00071633636, 0.0003574642608961752, 6.670839182981069, 38.36443806895914)
(220416, 8.163786294564499, 0.001123, 0.007005504998326303, 0.07266393, 0.0026371796, 0.00040288154289945316, 6.827283538160766, 93.95698165734728)
(242990, 8.163617028467879, 0.001839, 0.0073784319049119956, 0.41590637, 0.00042969637, 0.00021875783230644803, 0.368853733298547, 0.8868672372066507)
(265239, 8.162090657537266, 0.000239, 0.008461275819659234, 0.2562285, 0.00041218588, 0.0003139183021748634, 3.906811548391687, 15.247373139177286)
(298759, 8.161623194377409, 0.000483, 0.008575249677717686, 0.23416519, 0.0020944495, 0.00033424210705639375, 10.45910540272192, 44.66550046453071)
(186913, 8.16715783585964, 0.000269, 0.008753376977145672, 1.1687092, 0.0014711365, 0.0, 0.0, 0.0)
(204348, 8.166191195591821, 0.000824, 0.008344676129281522, 1.1405786, 0.004349597, 0.0, 0.0, 0.0)
(214425, 8.167493554869036, 0.000699, 0.008585877514600753, 0.50140625, 0.0022049919, 1.908166325136613e-05, 0.43436684316437474, 0.8662972253823616)
(277544, 8.166821857131422, 0.000349, 0.009042520944535733, 0.3537182, 0.0018184246, 0.0002719988445289614, 10.22698329899008, 28.9127992254571)
(342441, 8.16686386868956, 0.001117, 0.004435708582401276, 0.31396037, 0.035270266, 0.0003031357642371585, 69.07221074071902, 220.0029600574079)
(371739, 8.168206097246928, 0.000257, 0.0002971212788820267, 0.16244647, 0.000897403, 0.0003698558255169401, 9.3196043166984, 57.3703098423647)
(120333, 8.170086615141653, 0.00054, 0.007183648928999901, 0.5971087, 0.023951886, 4.048797099453562e-06, 1.29593311011213, 2.1703470575996127)
(449716, 8.173202829051446, 0.000133, 0.00012064244842529298, 0.06346405, 0.00097220304, 0.00039935922401639306, 21.06588311580974, 331.9341125536384)
(690205, 8.17154363130496, 0.000155, 0.000923057384967804, 0.083772406, 0.0002981772, 0.0004182075939490271, 5.80557533888613, 69.30176195352597)
(1388249, 8.17307860886223, 0.00329, 0.0060229749442935, 0.45131403, 0.0010048917, 0.00015905626254666678, 0.3505780742635476, 0.7767940967036803)
(119882, 8.18152690768143, 0.000889, 0.00428449853682518, 0.34094205, 0.00607682, 0.00028999827561311433, 14.304762232023865, 41.956579518495495)
(455570, 8.183391183236163, 0.000703, 0.0007359328125715255, 0.2658213, 0.0010817808, 0.00030909352999562847, 3.4322939522415, 12.91203508613305)
(562401, 8.189694435426597, 0.000295, 0.0002837978661060334, 0.11082979, 0.0013939982, 0.0004651236192594537, 15.86058520656501, 143.1075995593334)
(115427, 8.19271313979038, 0.002917, 0.004871777673661709, 0.5211134, 0.00024128408, 2.0149510789071057e-05, 0.012027278342344077, 0.02307996367459382)
(350507, 8.190968027195344, 0.001416, 0.0075221815985441216, 0.39670166, 0.00040208804, 0.00023315167789595613, 0.4777570053131916, 1.204323181589892)
(176879, 8.200363856995967, 0.001403, 0.00847236054110527, 0.691032, 0.0022841678, 1.942368174863386e-06, 0.02281983522584217, 0.033022834291092415)
(344351, 8.198375878963223, 0.000893, 5.075876879692078e-05, 1.7031747, 0.00034530842, 0.0, 0.0, 0.0)
(496866, 8.19985798101343, 0.000363, 0.0017868295035362244, 0.12172035, 0.00040804842, 0.00044532164691475423, 3.6123473071683136, 29.677431154020784)
(265002, 8.206810549163364, 0.001344, 0.008221925217032432, 0.6832843, 0.0011078794, 2.7819987016393456e-06, 0.016548580922062378, 0.02421917336906816)
(239914, 8.213162944307207, 0.001228, 0.008077731708526612, 0.42861778, 0.005034917, 0.0002008496089154098, 5.942587100123745, 13.864537071056045)
(618576, 8.216210901455243, 0.000126, 0.0003579840319752694, 0.10760628, 0.00047095885, 0.0004595342290675411, 12.394839280077218, 115.18695079949995)
(15480, 8.219907364789371, 0.009274, 0.0014240126216411588, 1.8495023, 0.004346379, 0.0, 0.0, 0.0)
(596023, 8.2171099070864, 0.000486, 6.109123229980468e-05, 0.16668104, 0.00040289035, 0.0003652667549027325, 2.1851002108787845, 13.109470704519145)
(1688279, 8.219981717551391, 0.001859, 0.008201170694351195, 0.46576288, 0.0013243216, 9.87712388406557e-05, 0.5077561476535288, 1.0901601854865055)
(542243, 8.225779043244788, 0.000435, 0.0006385945002436637, 0.121191844, 0.001939093, 0.0004464957850859892, 14.362742082121926, 118.51244776935589)
(6946, 8.232765164105455, 0.008641, 0.001582195934534073, 2.166093, 0.0003093897, 0.0, 0.0, 0.0)
(460488, 8.23327019969245, 0.000543, 0.0014381804303526878, 0.22473525, 0.0029796343, 0.0003429285761584704, 13.579301414297941, 60.423549106328196)
(1207052, 8.234422366130186, 0.004167, 0.006689123893260956, 0.40089676, 0.0003838193, 0.00023110584453857913, 0.153611897509883, 0.3831707133524427)
(461532, 8.23857353154379, 0.000212, 0.0007162060701847077, 0.17652337, 0.0022202497, 0.00035460046591038287, 26.798832706179613, 151.81464474748933)
(610681, 8.23789631074456, 0.00053, 0.0011962694435119629, 0.15604886, 0.0019355982, 0.00037678901685683075, 9.929975831583226, 63.633760807885594)
(720805, 8.23743233993454, 0.000133, 0.002123633764564991, 0.04261643, 0.00073930726, 0.0004294854928896173, 17.227904096342215, 404.2549809156285)
(169316, 8.240279716021057, 0.003622, 0.0072194059872627255, 0.9049605, 0.00031814663, 0.0, 0.0, 0.0)
(421730, 8.240102300894645, 0.000524, 0.0005506392323970795, 0.9985534, 0.0014373832, 0.0, 0.0, 0.0)
(445849, 8.241873199131723, 0.000267, 0.0008009958415627481, 0.10842396, 0.001886085, 0.00046095204150557387, 23.497213291754075, 216.7160588098246)
(327572, 8.25262551269202, 0.000665, 0.0005380312359929085, 0.7837459, 0.0032421632, 0.0, 0.0, 0.0)
(370200, 8.251624396237808, 0.000218, 0.0011036753343343735, 0.11909327, 0.0017721413, 0.00045115801378076516, 26.46556353905922, 222.22551735340897)
(461266, 8.249580490703847, 0.000165, 0.0007510564044713974, 0.1326025, 0.00055543915, 0.0004211456721857924, 10.23046802017564, 77.1513962419686)
(403012, 8.253039093691678, 0.000632, 0.0004920113204419613, 1.189711, 0.0071554943, 0.0, 0.0, 0.0)
(516977, 8.253968213416236, 0.000265, 0.001947711846292019, 0.13834274, 0.001436335, 0.0004083930546260111, 15.973453931908097, 115.46289983780933)
(523969, 8.252866816136995, 0.000424, 0.0006068869092464448, 0.3749493, 0.00039727552, 0.00024375969765464442, 1.6481565749699822, 4.3956784956525645)
(46348, 8.280309284342513, 0.005119, 0.007034827565252781, 0.8615494, 0.006080924, 0.0, 0.0, 0.0)
(476966, 8.280115128397739, 0.000501, 2.268626081943512e-05, 0.19702274, 0.0008049288, 0.00034371584699453595, 3.985014564247837, 20.226165590062532)
(118940, 8.285455013757765, 0.004613, 0.0033604092165827756, 1.2452766, 0.005291621, 0.0, 0.0, 0.0)
(489554, 8.28443073384452, 0.000281, 0.0003854511940479279, 0.3439827, 0.0007267586, 0.00028571451484590127, 5.332449856407792, 15.502087332903058)
(171125, 8.2922749555042, 0.011321, 0.00046994416818022726, 1.539753, 0.015434996, 0.0, 0.0, 0.0)
(480499, 8.289813105191858, 0.000229, 0.0011304065165519714, 0.13189033, 0.0043315697, 0.0004227278415110384, 57.70072810857609, 437.4902095443698)
(641508, 8.28952814543701, 0.000234, 0.0028748472629189495, 0.040805064, 0.0032933373, 0.00042850398987016365, 43.519694917305436, 1066.5268143509206)
(426741, 8.293469281796938, 0.000205, 0.00022442109441757203, 0.14732876, 0.00054297876, 0.00038842955546142087, 7.424237641633287, 50.39231743777174)
(448613, 8.30149242106551, 0.00139, 0.00047597951602935793, 0.5391043, 0.00057453953, 1.7501231057923514e-05, 0.05220166192361517, 0.09683035717506831)
(636627, 8.30118419217968, 0.000248, 0.0033639227399826052, 0.053924408, 0.0009331901, 0.000405218551691366, 11.003184078219421, 204.0483055135148)
(594733, 8.319567376366246, 0.000214, 0.0034185000451207163, 0.13439834, 0.0023976886, 0.0004171560026391258, 33.72780814975813, 250.95405307653454)
(478122, 8.323861241800897, 0.000402, 0.00043898944497108454, 0.44557905, 0.002840923, 0.00017695405270601097, 9.024113311120415, 20.252552967022158)
(619167, 8.329270725361626, 0.000138, 0.001476661499619484, 0.0871779, 0.0010853801, 0.0004241125344524589, 24.07101995546416, 276.1137852077666)
(580507, 8.332007854253296, 0.000306, 0.003625033111810684, 0.07856628, 0.0033040927, 0.00040918045595278663, 31.882788300436793, 405.8075334664794)
(585012, 8.333126542153922, 0.000208, 0.0014886933624744414, 0.09544486, 0.0016277825, 0.00043844699134601087, 24.760576437546412, 259.42283783062186)
(403274, 8.334756381474593, 0.000158, 0.0009834455636143686, 0.055320352, 0.003190876, 0.0004025711400813113, 58.668649959575255, 1060.525608361553)
(429899, 8.336834826270207, 0.000385, 0.0003058735876083374, 0.39755568, 0.00032683753, 0.00023273519614251353, 1.4257516166450788, 3.5862941680146005)
(483355, 8.337969495712263, 0.000239, 5.991745591163636e-05, 0.62719035, 0.00043494147, 5.678795139890707e-06, 0.07457611161377906, 0.11890506863471205)
(528475, 8.338111121176393, 0.000334, 0.0003259119203686714, 0.22927386, 0.0010955781, 0.00033874779711519164, 8.018330846146913, 34.97272147006604)
(111750, 8.344855396189095, 0.007393, 0.0030018419058322906, 2.4888113, 0.039919272, 0.0, 0.0, 0.0)
(545740, 8.34396218786467, 0.000218, 0.0004646184593439102, 0.28766078, 0.0029378245, 0.0003079101404673226, 29.94359658697212, 104.09342763713607)
(576904, 8.3428150734108, 0.000173, 0.0006495581195354462, 0.058530428, 0.0011627686, 0.0003964832221766118, 19.23014783586375, 328.5495851126144)
(580164, 8.34818866089395, 0.000311, 0.00262404662078619, 0.15067264, 0.0023320932, 0.0003826153116677597, 20.704201037933583, 137.41181569483072)
(648110, 8.346608549651735, 0.000231, 0.0043353528198003775, 0.06710711, 0.0009455376, 0.0004042942763333328, 11.941944081550519, 177.9534848326879)
(372916, 8.35039670877406, 0.000176, 0.0018967661559581757, 0.0814228, 0.0005599827, 0.0004141335055387976, 9.50852007125502, 116.7795761292294)
(523315, 8.348354654455113, 0.000163, 0.004298065789937972, 0.025007961, 0.0026516374, 0.00048563301830032785, 57.00925359198893, 2279.6442137761223)
(528625, 8.35464311665902, 0.000179, 0.0015227546112537382, 0.061342638, 0.0045767645, 0.0003964854642633877, 73.15490014102647, 1192.562017646298)
(538269, 8.355868207688326, 0.000275, 0.0005790887588858604, 0.12813109, 0.0010667276, 0.00043107943483038265, 12.066706779583331, 94.17469858083103)
(82620, 8.35868637606717, 0.001094, 0.0018510423849821091, 0.34338346, 0.00058505015, 0.0002865587424953002, 1.1058597525375387, 3.2204805453866023)
(451703, 8.360519186133583, 0.000154, 7.186699390411377e-05, 0.3669823, 0.0005203154, 0.0002533119745530051, 6.1760712285423445, 16.829343618322586)
(462932, 8.363708108822017, 0.000467, 0.0012989526896476746, 0.18956017, 0.0036160205, 0.00034371584699453595, 19.20543620932509, 101.31577856954384)
(494628, 8.363788200013005, 0.00024, 0.0009527978457212449, 0.19134443, 0.0043966714, 0.00034371584699453595, 45.43839043677515, 237.46910446661636)
(602409, 8.363868276436557, 0.000144, 0.0006241524106264115, 0.07421315, 0.00054934755, 0.000402461814333333, 11.079495799461881, 149.29289215539137)
(21381, 8.367535921910982, 0.007591, 0.004725046112537384, 1.8683894, 0.022342507, 0.0, 0.0, 0.0)
(389045, 8.369621658864393, 0.000882, 0.000489407496035099, 0.9812436, 0.008017146, 0.0, 0.0, 0.0)
(684262, 8.36872522748828, 0.000149, 0.0035063873134851455, 0.018552376, 0.0012197942, 0.0005058602446496175, 29.884188139691307, 1610.801125402553)
(630278, 8.371356525945975, 0.000205, 0.002300674450278282, 0.03541037, 0.0021156243, 0.0004389862979759559, 32.69235958336731, 923.2425298963926)
(404286, 8.372849263295729, 0.000932, 0.0012605806617736815, 0.47450668, 0.0010946307, 6.228942954229488e-05, 0.5279304135259959, 1.1125879482370953)
(515831, 8.37318899483303, 0.000784, 0.00027891346812248234, 0.32974672, 0.00092042965, 0.00029885878482185767, 2.53192700213402, 7.678399354917073)
(223047, 8.381878795009651, 0.001309, 2.6036503091454505e-05, 1.6182933, 0.0014375268, 0.0, 0.0, 0.0)
(393217, 8.37967112236095, 0.000208, 0.0027201580823063847, 0.032995027, 0.0011364844, 0.00045469157088611997, 17.92782745271771, 543.3493796722066)
(398431, 8.379362180870489, 0.001001, 0.00033726426243782043, 1.5015829, 0.0006236311, 0.0, 0.0, 0.0)
(458088, 8.379490933200714, 0.000367, 0.0026052354399561883, 0.066294864, 0.00044157414, 0.00040319397150601045, 3.500759000857566, 52.8058855488046)
(525175, 8.384609975045162, 0.000217, 4.555466651916504e-05, 0.13532467, 0.00046437106, 0.00041509805171300554, 6.4101283287856035, 47.36851254679286)
(587052, 8.3789756946993, 0.000242, 0.0029424760460853576, 0.055029284, 0.0023316862, 0.0004031231513385791, 28.028708915430915, 509.3416973302963)
(662493, 8.379722591249598, 0.000121, 0.0021902960071563723, 0.027022285, 0.002731974, 0.000481267108620765, 78.41298553781117, 2901.789598392999)
(542069, 8.391851958865319, 0.000573, 0.001584683128595352, 0.21012646, 0.001242633, 0.00034371584699453595, 5.378961466464678, 25.598686935784666)
(445899, 8.39732267454975, 0.000729, 0.001000114877939224, 0.6973219, 0.0040859254, 1.2607217442622848e-06, 0.05099091025441425, 0.07312391917479466)
(704304, 8.396506447530276, 0.000209, 0.002443139207839966, 0.03579937, 0.0016403015, 0.0004364569051890706, 24.71891370558968, 690.4846008627998)
(61844, 8.40690290866176, 0.009442, 0.00666845197379589, 1.0669531, 0.01092348, 0.0, 0.0, 0.0)
(528140, 8.402334670793806, 0.000304, 0.0017886594153642653, 0.04678011, 0.009972789, 0.00042468340769508193, 100.53538769081476, 2149.1054144766817)
(706289, 8.402896137558374, 0.000176, 0.0025458653212785723, 0.024215177, 0.0030740784, 0.00048735132346841526, 61.42639638534382, 2536.6899604055675)
(21294, 8.415210550708652, 0.015297, 0.0015432286838293076, 2.5680683, 0.003866618, 0.0, 0.0, 0.0)
(176664, 8.418517857133068, 0.015854, 0.0009352501273155212, 4.573481, 0.009653458, 0.0, 0.0, 0.0)
(207775, 8.414522305531952, 0.017756, 0.00023546595096588134, 5.0830026, 0.0013019135, 0.0, 0.0, 0.0)
(466377, 8.418729610548272, 0.000669, 0.002543978534221649, 0.15389614, 0.0005063918, 0.00037912195363497286, 2.070856936299821, 13.456198032646052)
(481083, 8.412236163812517, 0.000134, 0.0007996648599505425, 0.21772985, 0.001055883, 0.00034371584699453595, 19.5443473107705, 89.76420693244634)
(516104, 8.417386758548428, 0.000276, 0.0017370206837654114, 0.13059436, 0.0024844287, 0.0004256069911248089, 27.646287832032105, 211.6958789953265)
(520438, 8.413999459972365, 0.000324, 0.0010256527082920077, 0.22818221, 0.0042828186, 0.0003397533797589075, 32.408510567352245, 142.02908529701875)
(563144, 8.41099279385797, 0.000424, 0.0018350659139156342, 0.104369104, 0.003661587, 0.0004539211427784044, 28.28749754899417, 271.03325088422883)
(440409, 8.422150376742517, 0.000844, 0.0007588740807771684, 0.44895634, 0.0024517009, 0.00016889326670557376, 3.5403646218146165, 7.885765956250037)
(483976, 8.427922972259111, 0.001053, 0.0005260880666971207, 0.5539473, 0.00043036154, 1.5088391910382526e-05, 0.044499860993765794, 0.0803323005523554)
(503054, 8.423082889810873, 0.000426, 4.215048056840896e-05, 0.19549976, 0.000809803, 0.00034371584699453595, 4.714981081763494, 24.11757989760956)
(503938, 8.4220103269245, 0.000169, 0.00013920287498831748, 0.19541192, 0.0018307773, 0.00034371584699453595, 26.869462981188, 137.50165793974085)
(514655, 8.425984154387725, 0.000347, 0.0014446665964126585, 0.27903023, 0.0054972745, 0.0003083777936574865, 35.25426479491211, 126.34568231159795)
(515623, 8.4255675649247, 0.000249, 0.00302554724174738, 0.09811873, 0.0017561719, 0.00044308333581289614, 22.550891220222955, 229.83268556597662)
(584827, 8.426677583374103, 0.000148, 0.00045458272594213483, 0.16342236, 0.0005594359, 0.00036879823805901666, 10.059770456437949, 61.556879098049684)
(423546, 8.432413501739461, 0.00075, 0.0012783751666545868, 0.15203717, 0.002695553, 0.0003811365488830603, 9.88502622317215, 65.01716799366991)
(565184, 8.433710753350853, 0.000326, 0.0021979679569602015, 0.08964783, 0.00052772346, 0.00042839525810360645, 5.004308476726816, 55.82185845130681)
(605890, 8.435502315593359, 0.000239, 0.0026684481553435327, 0.120943114, 0.0020966763, 0.00044704836800336624, 28.300793700257643, 234.00086837732357)
(632449, 8.434414652751489, 0.000536, 0.0020761079461574555, 0.19162054, 0.00033114984, 0.00034371584699453595, 1.532392198014856, 7.9970142971878495)
(63990, 8.446408297092315, 0.000831, 0.007346495961427687, 0.47723588, 0.0115816, 5.0902371977267586e-05, 5.119365937885981, 10.727118710952709)
(133736, 8.44324075641869, 0.013315, 0.0015629916906356811, 2.732339, 0.03597703, 0.0, 0.0, 0.0)
(398211, 8.444040357797768, 0.000827, 2.5349826239049432e-05, 1.0058904, 0.0014929154, 0.0, 0.0, 0.0)
(437509, 8.445458246464325, 0.000583, 0.00043524121165275576, 0.18947816, 0.0009139447, 0.00034371584699453595, 3.8883158552034365, 20.521182257646135)
(537097, 8.440855435658886, 0.000422, 0.00187263503408432, 0.15931061, 0.0019972697, 0.00037325420669289636, 12.747927655590786, 80.01932611764393)
(538018, 8.44649656832878, 0.00071, 0.0007680717813968658, 0.29137123, 0.0009494031, 0.00030770908679409863, 2.9692258624639525, 10.190525202038488)
(549455, 8.443507453821415, 0.000159, 0.0007453790956735611, 0.11856907, 0.00080051675, 0.00045232258566710396, 16.433580235542586, 138.59921677333375)
(552853, 8.442951649294578, 0.000482, 0.001400073652625084, 0.13821852, 0.006321938, 0.000408669023950164, 38.679916801312295, 279.84612193295294)
(569215, 8.446474502201603, 0.000328, 0.0003423733724355697, 0.08013486, 0.00033182395, 0.00041190028795803256, 3.0070219429877905, 37.52451733225453)
(570928, 8.443018383407226, 0.000257, 0.001046472871363163, 0.09094244, 0.00036208602, 0.00043064004109989056, 4.378281276016203, 48.14343309918012)
(589950, 8.447069894460759, 0.000378, 0.0030431997209787367, 0.108490326, 0.0014895181, 0.0004610671165230165, 13.110786672611544, 120.8475184470507)
