(77663, 0.00016, 0.009892, 8.154679820778426, 0.7636234, 0.007553762835264206, [nan, nan, nan], 0.88175434, 0.013140682)
(142663, 0.000293, 0.009795, 8.156232414422913, 0.79995054, 0.007835515539944172, [nan, nan, nan], 0.1695958, 0.009139312)
(237353, 0.000105, 0.00999, 8.156533664137546, 0.8187362, 0.008179174593687059, [nan, nan, nan], 0.06822781, 0.0015186671)
(328455, 0.000151, 0.000595, 8.152644433830117, 0.73240966, 0.00043578374534845356, [nan, nan, nan], 0.20604186, 0.0010353957)
(338569, 0.000196, 0.000616, 8.155499936825562, 0.23699789, 0.0001459906986951828, [0.18469648, 0.76661295, -0.614973], 0.1738246, 0.0035774414)
(340016, 0.000105, 0.009915, 8.153295062389114, 0.78217137, 0.00775522911965847, [nan, nan, nan], 0.07298933, 0.008186304)
(448123, 0.000127, 0.001591, 8.156533664137546, 0.7909798, 0.0012584488659501075, [nan, nan, nan], 0.01842683, 0.00084788335)
(684825, 0.000121, 0.00112, 8.15498214900637, 0.7586761, 0.0008497172451019287, [nan, nan, nan], 0.06573775, 0.0006242225)
(1415145, 0.000137, 0.009936, 8.15558617480875, 0.8032606, 0.007981197564125062, [nan, nan, nan], 0.03830404, 0.0006298019)
(243798, 0.000269, 0.009985, 8.16327829823181, 0.8005216, 0.007993208297491073, [-0.5734876, -0.62478, 0.5298697], 0.12082675, 0.0024977056)
(303189, 0.000347, 0.009908, 8.163363005562273, 0.73333544, 0.007265887493848801, [-0.04181185, -0.6058099, 0.79451], 0.3398105, 0.0011291917)
(535110, 0.000102, 0.000413, 8.161665711826354, 0.8097934, 0.0003344446794390678, [nan, nan, nan], 0.024914993, 0.00026224466)
(741307, 0.000133, 0.001774, 8.16463163688863, 0.7754777, 0.0013756974529027938, [-0.8742306, -0.45863488, 0.15929492], 0.031977415, 0.00038935576)
(1812602, 0.000365, 0.009927, 8.164927118396196, 0.7652251, 0.00759638969117403, [-0.38544318, 0.0068522897, -0.9227061], 0.018178975, 0.0018331332)
(13203, 0.000227, 0.009827, 8.173368400720207, 0.80376625, 0.007898610944747926, [nan, nan, nan], 0.26684096, 0.0012501535)
(180581, 0.000479, 0.009993, 8.172456974400587, 0.8414273, 0.008408383270740508, [-0.43876815, 0.61735743, 0.65295655], 0.24396075, 0.0026954175)
(316117, 0.000493, 0.009844, 8.166821857131422, 0.75514454, 0.007433642817258835, [0.48601434, 0.8654945, 0.121282086], 0.13560969, 0.0004035232)
(358332, 0.000141, 8.6e-05, 8.168122329384406, 0.09081177, 7.809811934828759e-06, [nan, nan, nan], 0.1689126, 0.00058061496)
(405412, 0.000103, 0.000982, 8.16707386554192, 0.68834823, 0.0006759579654932022, [nan, nan, nan], 0.023426628, 0.002338178)
(444612, 0.000201, 0.000593, 8.173368400720207, 0.84214836, 0.0004993939796090126, [0.51397556, -0.17963447, -0.8387851], 0.16024022, 0.00046797184)
(446322, 0.000161, 0.000952, 8.168289848955201, 0.71800965, 0.0006835451874732971, [nan, nan, nan], 0.015168924, 0.0021783877)
(454933, 0.000108, 0.001105, 8.172456974400587, 0.74030524, 0.0008180372956395149, [nan, nan, nan], 0.021693513, 0.00056421995)
(617635, 0.000142, 0.001062, 8.172042056549305, 0.74117273, 0.0007871254402399063, [nan, nan, nan], 0.048252776, 0.0021320037)
(657699, 0.000154, 0.000456, 8.165686006141405, 0.6470325, 0.00029504681968688963, [nan, nan, nan], 0.03559483, 0.0015480643)
(31302, 0.001764, 0.009213, 8.192911005064158, 0.40250647, 0.0037082921143770224, [0.83374614, -0.43581414, -0.3390183], 1.2225623, 0.044798683)
(78998, 0.00184, 0.00911, 8.191841460034025, 0.53230387, 0.004849288253188133, [0.6121568, 0.6494854, 0.45103523], 0.33609998, 0.03891989)
(85133, 0.000115, 0.000625, 8.189096151157985, 0.6798979, 0.00042493619024753577, [nan, nan, nan], 0.05018838, 0.0012373351)
(92752, 0.001253, 0.009384, 8.179246500099115, 0.39369866, 0.0036944682490825656, [0.7934102, 0.5169812, -0.32129553], 0.5456765, 0.044696126)
(145994, 0.001448, 0.00943, 8.18897639533704, 0.62689734, 0.005911641869544982, [0.907855, -0.3534419, 0.22556177], 0.43396136, 0.027970714)
(340087, 0.00022, 0.009792, 8.189614711795, 0.8314996, 0.008142043853759766, [-0.58498126, -0.36377805, -0.7248879], 0.07670922, 0.0060682707)
(393153, 0.000183, 0.009354, 8.188257166110716, 0.798861, 0.007472546044349671, [0.41215277, -0.5850279, 0.69847864], 0.11596787, 0.004498348)
(447664, 0.000116, 0.001124, 8.1914446628553, 0.42592156, 0.0004787358326911926, [nan, nan, nan], 0.036248725, 0.005315651)
(463290, 0.000111, 0.000559, 8.186293208205788, 0.34948435, 0.00019536175402998926, [nan, nan, nan], 0.0722629, 0.0029805065)
(470511, 0.00012, 0.000591, 8.187937125947446, 0.8490189, 0.0005017701532244683, [nan, nan, nan], 0.019712728, 0.0007070868)
(474967, 0.000167, 0.001894, 8.189056236220049, 0.7464062, 0.0014136933381557464, [nan, nan, nan], 0.039802987, 0.0020057126)
(509648, 0.000119, 0.001152, 8.192633968432599, 0.8281165, 0.0009539901809692383, [nan, nan, nan], 0.01676681, 0.0005175203)
(566971, 0.000107, 0.001102, 8.190212282611526, 0.7435176, 0.0008193563705682753, [nan, nan, nan], 0.13085777, 0.0015219637)
(644511, 0.000141, 0.000555, 8.187336414225635, 0.69372046, 0.00038501485526561737, [nan, nan, nan], 0.02859738, 0.0008862173)
(880781, 0.000187, 0.001321, 8.18452205391079, 0.77436835, 0.001022940584719181, [nan, nan, nan], 0.020231614, 0.00091320527)
(909393, 0.000142, 0.001717, 8.180876583581396, 0.8036853, 0.001379927672982216, [nan, nan, nan], 6.4797256e-05, 0.0010324316)
(177845, 0.000526, 9.8e-05, 8.201839201728967, 0.011312942, 1.1086683180183172e-06, [0.53171694, 0.78915155, -0.30743626], 0.95655525, 0.00085457775)
(231062, 0.000124, 6.7e-05, 8.202187892620364, 0.57031107, 3.82108416557312e-05, [-0.6736094, -0.06519188, -0.7362068], 0.0856955, 0.00029733352)
(284960, 0.000348, 0.000694, 8.20519821033277, 0.6245558, 0.0004334417433738709, [-0.9761996, -0.1366193, 0.16843252], 1.5769497, 0.0024588981)
(290698, 0.00017, 6.7e-05, 8.203927159990632, 0.4506647, 3.0194534838199617e-05, [nan, nan, nan], 0.051730193, 0.0003283811)
(484055, 0.000262, 0.000106, 8.208989192717347, 0.5867818, 6.219887077808381e-05, [-0.89326006, 0.4167226, -0.1686085], 0.11349535, 0.0004640696)
(622287, 0.000189, 0.000577, 8.207346667981703, 0.77190703, 0.00044539035719633104, [nan, nan, nan], 0.031594772, 0.0009894174)
(275514, 0.000367, 0.000669, 8.21752133021504, 0.60442436, 0.0004043598951101303, [nan, nan, nan], 0.31763202, 0.00210249)
(390090, 0.000154, 0.000171, 8.223867468035776, 0.42128503, 7.203974068164826e-05, [nan, nan, nan], 0.060483377, 0.00085091055)
(398591, 0.000178, 0.00334, 8.227791787231173, 0.7796335, 0.0026039759635925292, [nan, nan, nan], 0.087759584, 0.0026534786)
(408837, 0.000194, 0.000224, 8.227280336739135, 0.71083766, 0.00015922763633728024, [-0.6332596, -0.7484316, -0.19705959], 0.20744085, 0.00040240135)
(442601, 0.000252, 0.000234, 8.213464930921306, 0.29492864, 6.901330178976058e-05, [-0.40849292, 0.063513175, -0.91054904], 0.048967797, 0.0012879545)
(484353, 0.000157, 0.00088, 8.217558712998098, 0.6743848, 0.0005934586000442506, [0.7226358, 0.6537731, 0.2244507], 0.14149904, 0.002079206)
(495344, 0.000234, 0.001073, 8.227536137274388, 0.7630673, 0.0008187712183594704, [0.15305899, 0.90844846, 0.38896576], 0.036499694, 0.0007522231)
(525323, 0.000187, 0.001184, 8.213540394775867, 0.75857097, 0.000898148027420044, [0.50660515, 0.81142515, -0.29144537], 0.07446188, 0.001678881)
(528283, 0.000305, 0.000825, 8.22102132183454, 0.6669497, 0.0005502334937453269, [-0.7012031, 0.038858093, 0.7119019], 0.19431397, 0.0015405647)
(531749, 0.000114, 0.002378, 8.222539123640088, 0.7895506, 0.0018775513325929641, [nan, nan, nan], 0.02791823, 0.0011396387)
(563647, 0.000366, 0.000893, 8.225815721973065, 0.6826949, 0.0006096465563774109, [-0.022349812, -0.616159, -0.78730464], 0.061389744, 0.0024686558)
(582159, 0.000183, 0.001068, 8.225485501846723, 0.73155785, 0.0007813037796020508, [-0.35794887, 0.27624545, -0.8919424], 0.07293411, 0.0023319118)
(591779, 0.000105, 0.002703, 8.217857659478257, 0.76781607, 0.002075406828403473, [nan, nan, nan], 0.018479872, 0.00051063276)
(596957, 0.000128, 0.000599, 8.222428244660232, 0.76861805, 0.00046040221029520036, [nan, nan, nan], 0.04906026, 0.001184415)
(607384, 0.000106, 0.001043, 8.221762375647828, 0.768694, 0.0008017478248476983, [nan, nan, nan], 0.049712855, 0.0010385932)
(715295, 0.000229, 0.00056, 8.22471401036778, 0.531986, 0.00029791215896606444, [-0.9477921, -0.07159078, 0.31074888], 0.09211346, 0.0022578961)
(780782, 0.000328, 0.002451, 8.216772998020058, 0.725252, 0.0017775925850272178, [0.01632877, -0.2182386, -0.9757588], 0.0366189, 0.0011343792)
(786718, 0.000159, 0.001654, 8.213615845519959, 0.80441433, 0.0013305013049840929, [nan, nan, nan], 0.017446285, 0.0011239087)
(832133, 0.000125, 0.002488, 8.226914645843578, 0.7867448, 0.0019574209961891174, [nan, nan, nan], 0.0013461369, 0.0017436382)
(28021, 0.004148, 0.007862, 8.231970348260793, 0.54981667, 0.004322658644080162, [-0.8603684, 0.16067456, 0.48368376], 1.1026528, 0.0016854758)
(200373, 0.000127, 0.001422, 8.236323943586061, 0.7575957, 0.0010773011108636858, [-0.083719596, 0.9610287, -0.2634671], 0.04636137, 0.0022953174)
(228069, 0.000702, 5.5e-05, 8.239498546764423, 0.20587452, 1.1323098465800287e-05, [-0.8387625, 0.50940216, 0.1923195], 0.5072644, 0.00032179398)
(239565, 0.000154, 0.002594, 8.231898020093102, 0.78406304, 0.002033859528899193, [nan, nan, nan], 0.016130133, 0.0027025025)
(321485, 0.000481, 0.000243, 8.238324151989476, 0.7606915, 0.00018484804022312167, [-0.23222354, 0.5895834, -0.77360433], 0.4890883, 0.0002811575)
(337724, 0.000133, 0.000672, 8.241201108168335, 0.36675096, 0.0002464566421508789, [nan, nan, nan], 0.5284385, 0.0018457384)
(343691, 0.000491, 0.000772, 8.241802501673988, 0.8062959, 0.000622460412979126, [-0.77105904, 0.45867503, 0.44168454], 0.46145773, 0.0003930255)
(396422, 0.000186, 0.000449, 8.235176817585169, 0.39679402, 0.00017816051548719407, [0.68151534, -0.67742175, 0.27683327], 0.13513353, 0.0023371177)
(401965, 0.000383, 0.000338, 8.238217231185875, 0.28203717, 9.532856303453445e-05, [0.4279855, 0.6037316, -0.67255974], 0.11636979, 0.0018714801)
(412060, 0.000174, 0.001797, 8.235607344987864, 0.82464796, 0.0014818923895955085, [-0.5473741, 0.24864152, 0.79909885], 0.0806492, 0.0021427497)
(418628, 0.00018, 0.000908, 8.235607344987864, 0.5726243, 0.0005199428877830505, [0.58327866, 0.17980881, -0.79212046], 0.14169805, 0.0033050356)
(443317, 0.000161, 0.000194, 8.240917811040283, 0.76221514, 0.00014786973667144774, [nan, nan, nan], 0.0993264, 0.0004131677)
(469586, 0.000158, 0.000928, 8.235499753142424, 0.8279276, 0.0007683168029785156, [0.44736472, 0.81798583, -0.361613], 0.04959978, 0.00097305595)
(478620, 0.000113, 0.001469, 8.237468047600082, 0.6730334, 0.0009886860885024071, [nan, nan, nan], 0.06417859, 0.0042961785)
(587597, 0.000162, 0.001003, 8.238324151989476, 0.64362675, 0.00064555762976408, [nan, nan, nan], 0.030154577, 0.0031595437)
(598827, 0.000121, 0.001152, 8.242191195349577, 0.73415416, 0.0008457455978393556, [0.6020273, 0.3106435, -0.7355704], 0.12061038, 0.0018579643)
(613127, 0.000192, 0.001407, 8.238110284052503, 0.81003773, 0.0011397230890989303, [nan, nan, nan], 0.07305246, 0.0009655808)
(637899, 0.000125, 0.00274, 8.236073268553472, 0.6571003, 0.001800454876422882, [nan, nan, nan], 0.03939414, 0.0003316903)
(706789, 0.000126, 0.003064, 8.231898020093102, 0.8063399, 0.0024706255135536195, [nan, nan, nan], 0.016287817, 0.0011550543)
(724880, 0.000189, 0.001335, 8.235392134635639, 0.74198955, 0.000990556053221226, [nan, nan, nan], 0.026169349, 0.0012097079)
(827720, 0.000188, 0.00223, 8.235858289018399, 0.82383573, 0.0018371536791324616, [nan, nan, nan], 0.017173488, 0.001502034)
(236324, 0.000831, 0.000684, 8.250620966721176, 0.31230372, 0.00021361574578285223, [0.56207466, 0.33346155, -0.75688535], 0.12152036, 0.0025756925)
(259071, 0.000165, 0.00185, 8.252659992822394, 0.82600135, 0.0015281024903059008, [nan, nan, nan], 0.004140895, 0.00061999995)
(265959, 0.000331, 0.002519, 8.251071066674944, 0.60479045, 0.0015234671413898466, [0.13441007, -0.9428741, 0.30483204], 0.07546079, 0.00069812767)
(377798, 0.000442, 0.000117, 8.24804993587951, 0.7058009, 8.257870423793794e-05, [0.9826185, 0.18536839, 0.009974272], 0.06872195, 0.00029308803)
(401812, 0.000588, 0.000138, 8.253796304107139, 0.043818805, 6.046995140612125e-06, [0.26649597, -0.932553, -0.243567], 0.18880127, 0.001012312)
(425182, 0.000277, 0.000435, 8.25338344391738, 0.85292023, 0.0003710203018784523, [nan, nan, nan], 0.07058203, 0.0003432134)
(547411, 0.000154, 0.000625, 8.255649333310812, 0.77632856, 0.00048520535230636594, [-0.7834581, 0.61422175, -0.094472304], 0.02820117, 0.0004849106)
(571234, 0.0003, 0.00174, 8.253555516696645, 0.7827245, 0.0013619406294822691, [-0.5919961, 0.19345921, -0.7823773], 0.12887035, 0.0013954837)
(603807, 0.000112, 0.000997, 8.25183171320343, 0.7605126, 0.0007582310526371004, [nan, nan, nan], 0.04448543, 0.0017717731)
(653268, 0.000125, 0.001967, 8.255341043647109, 0.8346727, 0.0016418011801242827, [nan, nan, nan], 0.053882897, 0.0015438178)
(668498, 0.000239, 0.001169, 8.246898469499532, 0.8605352, 0.0010059656539559364, [nan, nan, nan], 0.04042808, 0.0005048732)
(726203, 0.000292, 0.001121, 8.247073130463843, 0.78985107, 0.0008854230488538743, [nan, nan, nan], 0.022044832, 0.0005930522)
(755619, 0.000115, 0.001913, 8.253107985582988, 0.7987018, 0.00152791658693552, [nan, nan, nan], 0.04302089, 0.0014706419)
(873141, 0.000113, 0.00307, 8.247282630941568, 0.73110074, 0.002244479265809059, [nan, nan, nan], 0.011176463, 0.00049352436)
(79281, 0.004269, 0.008648, 8.263589000435475, 0.74443686, 0.006437889966011047, [0.81781447, 0.15472285, 0.5542925], 0.7628093, 0.013935387)
(144189, 0.001027, 0.008963, 8.26890225276622, 0.7923707, 0.007102018377900124, [-0.6094395, -0.07287872, 0.789476], 0.31884214, 0.0094933845)
(197329, 0.000238, 0.004407, 8.26713838141625, 0.6874675, 0.0030296693406701093, [-0.14489588, 0.469687, -0.8708613], 0.05341523, 0.0014855906)
(234287, 0.000992, 0.000113, 8.269201067833787, 0.39053187, 4.4130101054906846e-05, [-0.72507566, 0.6665175, -0.17326231], 1.5804999, 0.00058346905)
(266173, 0.001572, 0.00128, 8.266136779307393, 0.7608586, 0.0009738990020751953, [0.33425054, 0.6575583, 0.675199], 1.0468181, 0.0020211507)
(281476, 0.00016, 0.003446, 8.261837131404253, 0.79269755, 0.002731635753393173, [0.24394187, 0.01521492, -0.9696705], 0.058730915, 0.0020810065)
(298019, 0.000196, 0.001431, 8.269366987408644, 0.6225027, 0.0008908013416528702, [0.28835782, -0.21493705, 0.93308735], 0.04910068, 0.00407296)
(346438, 0.000119, 0.000685, 8.271320066231509, 0.32214767, 0.00022067115217447279, [0.17565724, -0.97919834, -0.10156348], 0.02745058, 0.0037341963)
(405344, 0.000248, 0.000128, 8.271749227321864, 0.3517563, 4.502480697631835e-05, [-0.89702016, 0.3924748, -0.20326948], 0.2368459, 0.000670567)
(444404, 0.000235, 0.000266, 8.261229064979913, 0.4609644, 0.0001226165334582329, [nan, nan, nan], 0.07614464, 0.0013035141)
(452319, 0.000201, 0.000467, 8.266804770644043, 0.8253012, 0.00038541564655303963, [nan, nan, nan], 0.086854115, 0.0004030895)
(466540, 0.00018, 0.000637, 8.271749227321864, 0.7221662, 0.00046001985704898835, [nan, nan, nan], 0.06178493, 0.0016838388)
(474469, 0.000181, 0.000485, 8.266738017726311, 0.6073717, 0.00029457526862621306, [nan, nan, nan], 0.103602156, 0.0015508584)
(486133, 0.000578, 0.000792, 8.260755535124073, 0.7709252, 0.0006105727772712708, [0.053204343, -0.8812689, 0.46961093], 0.103348956, 0.0012068085)
(492596, 0.000362, 0.000474, 8.272408648162042, 0.8114907, 0.0003846465986967087, [-0.73766786, 0.120897755, 0.6642514], 0.070138454, 0.00052238104)
(546118, 0.000326, 0.000508, 8.27230979884287, 0.6130492, 0.0003114289982318878, [-0.69576865, -0.5745349, 0.4310634], 0.03147701, 0.0019065448)
(555284, 0.000112, 0.000149, 8.267938003242886, 0.7337612, 0.00010933041751384736, [nan, nan, nan], 0.015227216, 0.00037415928)
(604197, 0.000127, 0.001699, 8.261262868792494, 0.7534801, 0.0012801626504659654, [nan, nan, nan], 0.037894685, 0.0021629687)
(651537, 0.000188, 0.001433, 8.269201067833787, 0.8154953, 0.0011686047824025156, [-0.13322927, 0.6246743, -0.7694362], 0.015981073, 0.000397144)
(667770, 0.00013, 0.002389, 8.269731787498891, 0.7724724, 0.0018454365196228027, [nan, nan, nan], 0.01441039, 0.0025430003)
(693226, 0.000112, 0.001013, 8.267371756570473, 0.7518606, 0.0007616348066329956, [nan, nan, nan], 0.024943655, 0.0015844941)
(732105, 0.000103, 0.001288, 8.26146563643227, 0.7826447, 0.001008046359539032, [nan, nan, nan], 0.011577285, 0.001312172)
(747924, 0.000155, 0.00278, 8.26890225276622, 0.8039126, 0.0022348769724369047, [nan, nan, nan], 0.026902208, 0.0014341384)
(779474, 0.000253, 0.003675, 8.272540412265572, 0.71182346, 0.0026159512281417846, [nan, nan, nan], 0.021090172, 0.0029375218)
(17914, 0.00566, 0.007657, 8.276801127342518, 0.5509941, 0.0042189618098139765, [0.4316282, 0.39695823, -0.8100131], 0.83251816, 0.011217116)
(78833, 0.013265, 0.000272, 8.283981850619128, 0.14584137, 3.96688539981842e-05, [-0.9286818, 0.3628866, -0.0765742], 2.0384917, 0.001979205)
(86659, 0.000225, 0.000579, 8.285646797590383, 0.6204123, 0.00035921871596574786, [-0.936638, 0.33885553, 0.088804305], 0.021201408, 0.0013195158)
(133506, 0.000659, 0.000511, 8.283211255446844, 0.15082283, 7.707046775519847e-05, [-0.90882766, -0.102931485, -0.4042738], 0.96973646, 0.0032728272)
(262280, 0.000426, 0.001996, 8.280988147417208, 0.8566732, 0.001709919669389725, [-0.20192695, -0.46718973, 0.8607899], 0.075474605, 0.00067668274)
(267704, 0.001479, 0.001058, 8.284687030388932, 0.40637973, 0.00042994975382089617, [0.15436523, 0.43252242, -0.8883106], 1.2625073, 0.005259916)
(284226, 0.00038, 0.000293, 8.281440133983923, 0.7541267, 0.00022095913118124012, [-0.87890476, 0.4249135, 0.21673714], 0.20509624, 0.0005405387)
(350661, 0.000254, 0.000712, 8.276638024294105, 0.5178166, 0.0003686854214668274, [-0.618585, -0.598037, -0.509612], 0.12050891, 0.0016953524)
(430706, 0.000184, 0.000902, 8.280535689960995, 0.7413187, 0.0006686694698333739, [0.40389177, 0.45385388, -0.7942846], 0.13486505, 0.0013472664)
(435510, 0.000223, 0.000117, 8.28491116585845, 0.72084486, 8.433884918689728e-05, [-0.5317842, -0.83371127, -0.1487654], 0.30168545, 0.00027246264)
(490092, 0.000198, 0.002282, 8.282825444510689, 0.8155216, 0.0018610202863216401, [0.06781089, 0.08462221, -0.99410295], 0.052397303, 0.00089780695)
(505137, 0.000158, 0.001399, 8.281504665110624, 0.7882507, 0.0011027627079486847, [nan, nan, nan], 0.09613723, 0.0013008958)
(529565, 0.000128, 0.002274, 8.280309284342513, 0.7572988, 0.0017220975329875945, [0.6376173, 0.30940783, -0.70548636], 0.007265467, 0.0005851294)
(577696, 0.000109, 0.001114, 8.284943175770527, 0.7288116, 0.0008118961465358735, [nan, nan, nan], 0.020548292, 0.0018905273)
(584989, 0.000239, 0.002224, 8.282278291646797, 0.81749886, 0.001818117470741272, [0.00094326114, 0.8534537, -0.5211678], 0.02537084, 0.0027964157)
(586570, 0.000123, 0.002357, 8.282857608516029, 0.7545284, 0.001778423446536064, [nan, nan, nan], 0.034244932, 0.0011923739)
(591423, 0.000219, 0.000468, 8.281891650640265, 0.6459268, 0.00030229373002052306, [nan, nan, nan], 0.05283012, 0.0011413496)
(601121, 0.000234, 0.003057, 8.28056802398788, 0.7533477, 0.0023029839032292364, [nan, nan, nan], 0.038182326, 0.00043016335)
(610721, 0.000119, 0.001292, 8.276768511632849, 0.71662325, 0.0009258772346973418, [nan, nan, nan], 0.04048285, 0.0024447523)
(622930, 0.000172, 0.00082, 8.27748549202996, 0.79945207, 0.0006555506944656373, [nan, nan, nan], 0.058181643, 0.0011106618)
(623450, 0.000231, 0.000477, 8.282568046677163, 0.83065367, 0.0003962217993736267, [0.42018545, -0.8481527, -0.3226162], 0.068211384, 0.00063980866)
(646388, 0.000106, 0.001894, 8.281601443825656, 0.81966686, 0.00155244903755188, [nan, nan, nan], 0.036739096, 0.0011329255)
(664428, 0.000107, 0.002326, 8.281343319311725, 0.7821964, 0.0018193888323307036, [nan, nan, nan], 0.011788937, 0.002854015)
(700818, 0.000105, 0.000529, 8.28017985669086, 0.797449, 0.0004218505171537399, [nan, nan, nan], 0.007121175, 0.000705696)
(703471, 0.000114, 0.001548, 8.28487915358689, 0.84263825, 0.001304404017448425, [nan, nan, nan], 0.015283756, 0.0010797917)
(821547, 0.000123, 0.001801, 8.279110604246178, 0.7852483, 0.0014142321515083313, [nan, nan, nan], 0.0038744207, 0.0010912565)
(173610, 0.00016, 0.002334, 8.297219419355603, 0.81921047, 0.0019120372363328937, [nan, nan, nan], 0.019094778, 0.00066320534)
(308598, 0.000102, 0.000485, 8.292746792528016, 0.7097772, 0.0003442419305443764, [nan, nan, nan], 0.0019334689, 0.0010697031)
(310597, 0.000392, 0.001298, 8.299639757828345, 0.4122998, 0.0005351651557683945, [0.3854302, 0.89492637, -0.22483382], 0.23739833, 0.0063672303)
(333695, 0.00023, 0.000695, 8.28952814543701, 0.7496628, 0.0005210156574845314, [-0.7836733, -0.054681, 0.61876184], 0.13041815, 0.0012831934)
(387466, 0.000155, 0.000849, 8.291960112455827, 0.8064097, 0.000684641849398613, [0.93883157, 0.30862483, 0.15279384], 0.14005592, 0.0009207285)
(389554, 0.000174, 0.003107, 8.294284564096255, 0.8100594, 0.0025168546434640887, [nan, nan, nan], 0.023599375, 0.0014631059)
(402660, 0.00036, 0.000487, 8.300844887549264, 0.6337393, 0.00030863103550672535, [nan, nan, nan], 0.19127718, 0.0018567541)
(404417, 0.000256, 0.001755, 8.29591055152795, 0.85536087, 0.0015011583191156387, [0.96449167, 0.2632054, 0.021878904], 0.38539565, 0.00071836845)
(432726, 0.000151, 0.001762, 8.292872529205763, 0.7639308, 0.0013460460653305052, [-0.37501553, -0.1902125, 0.90729403], 0.07401468, 0.001831933)
(438141, 0.000259, 0.001728, 8.295160852171406, 0.77313036, 0.0013359692573547365, [nan, nan, nan], 0.05808147, 0.0024525973)
(441364, 0.000566, 0.001261, 8.29012950800485, 0.72372484, 0.0009126170258522034, [-0.6656773, 0.26247123, 0.69855744], 0.11661546, 0.0008246933)
(465739, 0.000137, 0.001285, 8.29126665327221, 0.6654231, 0.0008550686773657798, [nan, nan, nan], 0.04289867, 0.0036053131)
(466746, 0.000242, 0.000356, 8.293092480834623, 0.72766143, 0.0002590474693775177, [-0.079810694, 0.3647769, 0.9276681], 0.06354629, 0.00060737773)
(487700, 0.00026, 0.00094, 8.298120864762108, 0.8556527, 0.0008043135285377502, [0.70099217, 0.70811975, -0.084714256], 0.055902097, 0.00040179995)
(511779, 0.000128, 0.001736, 8.29132974079148, 0.78396, 0.0013609545335769653, [0.31603414, 0.6167676, 0.7209163], 0.019371439, 0.0021843656)
(528315, 0.000145, 0.000931, 8.294253235368963, 0.805743, 0.0007501467134952546, [nan, nan, nan], 0.032990217, 0.0010192185)
(530041, 0.00026, 0.002973, 8.292778230110418, 0.82479846, 0.002452125835776329, [nan, nan, nan], 0.0632304, 0.0009845496)
(587190, 0.000198, 0.000961, 8.296845859459957, 0.82253295, 0.0007904541667103768, [-0.36488324, -0.82232726, 0.43662116], 0.10187249, 0.00044778804)
(634893, 0.000144, 0.001227, 8.289654817300795, 0.83351964, 0.0010227285953164102, [-0.85859454, 0.512372, 0.017040942], 0.01777108, 0.00033987328)
(645617, 0.000101, 0.002593, 8.289654817300795, 0.6782088, 0.0017585954909324646, [nan, nan, nan], 0.023204949, 0.0019896938)
(646149, 0.000103, 0.001451, 8.295410895780705, 0.81778604, 0.001186607541024685, [nan, nan, nan], 0.04760949, 0.0005888218)
(656756, 0.000178, 0.001897, 8.297903445742847, 0.76244307, 0.0014463544955253603, [nan, nan, nan], 0.01474121, 0.002206718)
(676568, 0.00019, 0.001983, 8.300937451468887, 0.7889293, 0.0015644467694163322, [nan, nan, nan], 0.03193457, 0.00049171376)
(685154, 0.000145, 0.000912, 8.293657559754468, 0.7985392, 0.0007282677698135376, [nan, nan, nan], 0.009970136, 0.001398904)
(692548, 0.000118, 0.000868, 8.291424354890523, 0.7645246, 0.0006636073346138, [nan, nan, nan], 0.012657266, 0.0015555915)
(719282, 0.00013, 0.001505, 8.297965576570121, 0.8228115, 0.0012383312839269636, [nan, nan, nan], 0.034701455, 0.00036420862)
(748412, 0.000161, 0.002594, 8.291613521274018, 0.6279443, 0.001628887489914894, [nan, nan, nan], 0.009628497, 0.0005057494)
(212665, 0.000348, 0.000406, 8.311452832082793, 0.39580497, 0.00016069681841135027, [-0.26594993, 0.52903086, -0.80585176], 0.3236967, 0.0017765769)
(227886, 0.000155, 0.000598, 8.311392601241298, 0.41250047, 0.00024667528158426287, [nan, nan, nan], 0.09538992, 0.0030683076)
(349466, 0.000131, 0.000915, 8.311061182216513, 0.6486113, 0.000593479346036911, [nan, nan, nan], 0.3620972, 0.0031701932)
(381232, 0.000374, 0.000227, 8.306820878814886, 0.330674, 7.506299632787703e-05, [-0.5588254, -0.82858217, 0.034145057], 0.050074734, 0.0006958718)
(406607, 0.000515, 0.000238, 8.311392601241298, 0.55901325, 0.00013304515290260316, [0.5836339, -0.1879058, -0.78997654], 0.18569723, 0.0010656139)
(414878, 0.000255, 0.000961, 8.312114820612678, 0.4968765, 0.0004774983241856098, [-0.7541641, 0.11559254, 0.64643246], 0.056683734, 0.004010669)
(441372, 0.00026, 0.000122, 8.313525697308814, 0.6337936, 7.732281827926636e-05, [nan, nan, nan], 0.053296357, 0.000504676)
(451664, 0.000179, 0.001933, 8.312505521878759, 0.81664044, 0.0015785659640431405, [nan, nan, nan], 0.080260485, 0.0017362823)
(471944, 0.000306, 0.000831, 8.309702737311923, 0.8033039, 0.0006675455387234689, [-0.8226244, -0.47477958, 0.31284744], 0.101775184, 0.00047118284)
(476546, 0.00017, 0.001455, 8.31112145903575, 0.6834453, 0.0009944128748774527, [nan, nan, nan], 0.14242537, 0.0032373348)
(518949, 0.000378, 0.001136, 8.30776337832295, 0.7370083, 0.0008372413988113404, [0.06555294, 0.7237392, 0.686953], 0.06211384, 0.0009932517)
(533768, 0.000424, 0.000616, 8.306729560542552, 0.81295204, 0.0005007784576416016, [0.123773664, 0.8245197, -0.5521298], 0.091282666, 0.0004577769)
(544463, 0.000243, 0.001394, 8.311482944371376, 0.8081637, 0.0011265802012681962, [0.8575595, 0.2621987, 0.44254205], 0.052439712, 0.0018349948)
(563516, 0.000109, 0.001096, 8.311753861055754, 0.7710463, 0.0008450667238235474, [nan, nan, nan], 0.011488647, 0.0019337568)
(565222, 0.000194, 0.001259, 8.305906830879813, 0.7662188, 0.0009646694458723068, [0.93126696, -0.27637735, 0.23739722], 0.022284484, 0.00061000034)
(568731, 0.000246, 0.00053, 8.312114820612678, 0.78184617, 0.00041437846779823306, [-0.36153385, -0.766463, 0.5308746], 0.059639435, 0.0006213689)
(570160, 0.000341, 0.001078, 8.304868578916842, 0.75220126, 0.0008108729573488235, [-0.44389105, -0.8665399, 0.22818719], 0.09503486, 0.0016613213)
(613858, 0.000245, 0.002129, 8.307094718480464, 0.77383614, 0.0016474971332550046, [-0.20446788, -0.5783809, 0.7897268], 0.056943096, 0.0026119975)
(634231, 0.000333, 0.000641, 8.304746268282534, 0.8663226, 0.0005553127718567847, [-0.94746584, 0.20957415, -0.24163437], 0.10954895, 0.00045899898)
(641533, 0.000176, 0.002238, 8.308309698939704, 0.8020644, 0.0017950201692581178, [-0.15964936, 0.75605106, -0.63474315], 0.017464604, 0.0015504109)
(642420, 0.000248, 0.001711, 8.307884842309731, 0.6890692, 0.001178997420847416, [0.4848481, 0.20172237, -0.8510173], 0.06990941, 0.0009738088)
(649354, 0.000102, 0.00242, 8.311573268711935, 0.81717646, 0.0019775670361518857, [nan, nan, nan], 0.019207792, 0.0007458337)
(663802, 0.000179, 0.000829, 8.305784812340862, 0.70326155, 0.0005830038284659386, [nan, nan, nan], 0.09204366, 0.0011459469)
(712392, 0.000108, 0.002272, 8.30730758557665, 0.828171, 0.0018816045455932618, [nan, nan, nan], 0.03939576, 0.00060401985)
(155412, 0.000158, 0.001354, 8.320895359712372, 0.7871274, 0.0010657704665660859, [nan, nan, nan], 0.011737651, 0.0019363537)
(164904, 0.00047, 0.001163, 8.324446150282444, 0.4711879, 0.0005479915155768394, [0.3403782, 0.92566705, 0.16517635], 0.29138276, 0.0028088107)
(181258, 0.000174, 0.000484, 8.321719615737823, 0.5131947, 0.0002483862252235413, [0.99913454, -0.008667834, 0.040683407], 0.013796767, 0.001969296)
(190938, 0.000183, 0.001766, 8.320806953710662, 0.617935, 0.0010912732132673264, [nan, nan, nan], 0.08974996, 0.0049625924)
(245427, 0.000208, 0.000752, 8.317612292523895, 0.19334535, 0.00014539570546150205, [nan, nan, nan], 0.59219503, 0.0011672126)
(259883, 0.000734, 0.000332, 8.320748006376753, 0.47799158, 0.00015869320487976073, [-0.80611354, -0.5492664, -0.22019869], 0.2850889, 0.00068214245)
(312251, 0.000348, 0.000385, 8.323890505941732, 0.76019037, 0.0002926732915639877, [-0.48091495, 0.49025923, 0.72688836], 0.26181543, 0.0007380741)
(330202, 0.000201, 0.000776, 8.318116716875505, 0.79585016, 0.0006175797224044799, [-0.83562607, -0.51940036, 0.17875203], 0.071191624, 0.0011540388)
(374833, 0.000133, 0.002576, 8.31716672514932, 0.863958, 0.002225555810928345, [-0.6178497, 0.23469661, 0.75045264], 0.014682306, 0.0010979013)
(430913, 0.000167, 0.000389, 8.318679792812048, 0.29403222, 0.00011437853205204009, [nan, nan, nan], 0.12091116, 0.0022971884)
(476409, 0.000179, 0.001722, 8.319360435729042, 0.7179605, 0.0012363279411792755, [nan, nan, nan], 0.04429392, 0.003932634)
(480052, 0.000102, 0.000622, 8.32362705765831, 0.5854176, 0.00036412976479530335, [nan, nan, nan], 0.17006233, 0.002084543)
(491761, 0.000116, 0.001919, 8.323334149788636, 0.72834766, 0.001397699157834053, [nan, nan, nan], 0.012097879, 0.000981055)
(510106, 0.000159, 0.000957, 8.32221929473392, 0.72167665, 0.0006906445518136024, [nan, nan, nan], 0.09979212, 0.0012202614)
(539292, 0.000101, 0.001302, 8.317671666983198, 0.7598277, 0.000989295630812645, [nan, nan, nan], 0.0170464, 0.0018674613)
(545421, 0.000242, 0.000774, 8.319271716689837, 0.77041376, 0.0005963002474308013, [nan, nan, nan], 0.056226447, 0.001295809)
(562292, 0.000193, 0.001727, 8.31992190249361, 0.73095125, 0.0012623528080582618, [nan, nan, nan], 0.046916768, 0.003075878)
(568655, 0.000314, 0.000757, 8.320895359712372, 0.7409522, 0.0005609008106589317, [0.7529688, 0.62281877, 0.21244983], 0.14171013, 0.0015676757)
(571035, 0.000152, 0.001749, 8.319330864729684, 0.7009015, 0.0012258767380714415, [nan, nan, nan], 0.012116151, 0.004479103)
(579016, 0.000119, 0.000588, 8.323128996673958, 0.8312578, 0.000488779598236084, [nan, nan, nan], 0.018838475, 0.0007670296)
(606016, 0.000152, 0.00176, 8.319685583901515, 0.8263903, 0.0014544469738006591, [nan, nan, nan], 0.030601768, 0.0017261964)
(623506, 0.0002, 0.002211, 8.321395987412654, 0.8418077, 0.0018612368756532667, [nan, nan, nan], 0.091147475, 0.0003723124)
(735233, 0.000116, 0.00232, 8.322131157852459, 0.6711528, 0.0015570744276046753, [nan, nan, nan], 0.021329865, 0.0005274067)
(772498, 0.000301, 0.003061, 8.323422042894189, 0.7770851, 0.0023786575689911846, [0.757895, 0.20623215, -0.6189212], 0.03484572, 0.0024444198)
(10463, 0.000546, 0.000576, 8.335155758982156, 0.069675945, 4.01333441734314e-05, [0.30434197, -0.7502581, -0.58693165], 0.74812853, 0.004157142)
(216574, 0.000143, 0.001677, 8.329848398341056, 0.55754274, 0.000934999177157879, [nan, nan, nan], 0.0249641, 0.00062731985)
(249827, 0.000161, 0.004978, 8.33652227175373, 0.7146426, 0.0035574907847642895, [nan, nan, nan], 0.070601076, 0.010342531)
(258830, 0.000258, 0.001888, 8.339185968039502, 0.67274976, 0.0012701515426635744, [0.71536475, -0.65225077, 0.25064334], 0.23140354, 0.004833931)
(271269, 0.000313, 0.001311, 8.336863229166259, 0.6101604, 0.0007999202980399132, [-0.9760648, -0.21746826, 0.0022406958], 0.23077288, 0.0034707424)
(274642, 0.000241, 0.001022, 8.339157716650199, 0.78722465, 0.0008045435926914215, [0.6144829, 0.17294067, -0.76974165], 0.08509422, 0.0012813718)
(285579, 0.000571, 0.001565, 8.338903371411947, 0.75891984, 0.0011877095419168472, [-0.3027166, 0.82136154, -0.48345414], 0.5083112, 0.0032528338)
(293082, 0.000327, 0.00292, 8.332868639052606, 0.6735839, 0.001966865060329437, [0.6910343, -0.66343313, -0.28692877], 0.17233433, 0.0069231084)
(388336, 0.000383, 0.003367, 8.334670752776889, 0.7611544, 0.002562806909322739, [nan, nan, nan], 0.114323705, 0.0020915617)
(415582, 0.000214, 0.001208, 8.331116580633477, 0.69222337, 0.000836205831050873, [0.7770864, 0.3349577, -0.5328602], 0.025150442, 0.0029939369)
(420250, 0.000129, 0.003613, 8.334442327008622, 0.7039944, 0.002543531743168831, [nan, nan, nan], 0.012304088, 0.0011120392)
(423613, 0.000543, 0.000902, 8.331778023206375, 0.8264001, 0.0007454128912687301, [-0.39499965, 0.6198641, 0.6780441], 0.050274868, 0.0004453481)
(445454, 0.000254, 0.001991, 8.329415215658699, 0.8118266, 0.0016163467341661455, [nan, nan, nan], 0.15782712, 0.0016671449)
(451880, 0.000484, 0.001176, 8.337912832592357, 0.24811013, 0.00029177751338481904, [-0.31767, 0.3188793, -0.89297354], 0.301807, 0.007007933)
(457707, 0.000254, 0.001007, 8.339072951453891, 0.78744847, 0.0007929606050848962, [nan, nan, nan], 0.2448754, 0.00074749114)
(468179, 0.000226, 0.002963, 8.331231686513267, 0.7996047, 0.0023692287673354145, [-0.44066146, -0.7476141, -0.49688107], 0.016796911, 0.0005736723)
(498858, 0.000284, 0.003384, 8.332294972128295, 0.78773195, 0.0026656849036216738, [nan, nan, nan], 0.032621775, 0.0026209606)
(519149, 0.000125, 0.00425, 8.339863450631595, 0.768338, 0.0032654366046190268, [0.35849127, 0.38392413, -0.8509326], 0.012995161, 0.0009713882)
(537018, 0.000251, 0.000824, 8.333784932886338, 0.77979934, 0.0006425546579360962, [nan, nan, nan], 0.057341367, 0.0012320437)
(544990, 0.000128, 0.003276, 8.33734579441035, 0.77660954, 0.0025441728529930117, [nan, nan, nan], 0.007727752, 0.0041705375)
(564806, 0.000119, 0.002601, 8.330396476867264, 0.6806188, 0.001770289557516575, [nan, nan, nan], 0.019908052, 0.005312551)
(574610, 0.00053, 0.000705, 8.338365930684477, 0.43241474, 0.0003048523919284344, [0.28303006, 0.1513027, 0.9471016], 0.07136903, 0.0033526367)
(578709, 0.000245, 0.001292, 8.334413765338038, 0.68810403, 0.0008890304112434388, [-0.17557533, 0.5424461, -0.8215385], 0.038600836, 0.0023972052)
(585177, 0.000103, 0.001957, 8.336721196106843, 0.7339469, 0.0014363341213464737, [nan, nan, nan], 0.039564405, 0.0039026416)
(589467, 0.000104, 0.000214, 8.337374163909782, 0.7545539, 0.00016147453761100768, [nan, nan, nan], 0.06305991, 0.0005724009)
(591330, 0.00013, 0.001147, 8.339553068959617, 0.69053274, 0.0007920410572886468, [nan, nan, nan], 0.0914653, 0.0026360643)
(595420, 0.00017, 0.001841, 8.335383809913239, 0.7740668, 0.0014250569895505906, [nan, nan, nan], 0.047114242, 0.0021585478)
(604648, 0.000132, 0.003624, 8.334813457894954, 0.7759767, 0.0028121396241188048, [nan, nan, nan], 0.033019584, 0.003038635)
(633711, 0.000179, 0.002265, 8.33512724419393, 0.80069965, 0.0018135847100615504, [nan, nan, nan], 0.047742434, 0.0015835946)
(641481, 0.000182, 0.002592, 8.331950407893173, 0.85461885, 0.002215172052383423, [nan, nan, nan], 0.026612079, 0.0004617793)
(647911, 0.000416, 0.000766, 8.336834826270207, 0.84952974, 0.0006507397832870484, [0.20206857, 0.6467338, -0.7354615], 0.09092348, 0.00039986908)
(663096, 0.000228, 0.00267, 8.335497790487846, 0.7464921, 0.001993133874535561, [0.49351454, 0.489901, 0.7186379], 0.03388619, 0.0016524144)
(682644, 0.000256, 0.000475, 8.336550695097559, 0.80996466, 0.00038473321199417114, [0.56970394, -0.6743713, -0.4697454], 0.050412245, 0.0005802635)
(695300, 0.000168, 0.003064, 8.332438459915606, 0.8346843, 0.0025574727330207824, [nan, nan, nan], 0.032747407, 0.00061850203)
(696650, 0.000116, 0.001405, 8.33395652296439, 0.5377754, 0.000755574433207512, [nan, nan, nan], 0.016436966, 0.0024515325)
(714086, 0.000166, 0.002102, 8.330108100706665, 0.78137225, 0.0016424444676637652, [0.083923504, 0.4255061, -0.90105575], 0.023619803, 0.00070366985)
(724045, 0.000152, 0.001201, 8.32912618697646, 0.8032149, 0.0009646611040830613, [nan, nan, nan], 0.052269697, 0.00093133573)
(772665, 0.000106, 0.002593, 8.329790665608249, 0.75704646, 0.001963021473646164, [nan, nan, nan], 0.01657812, 0.00047222327)
(794662, 0.000105, 0.003347, 8.338733725127796, 0.790895, 0.0026471255154609684, [nan, nan, nan], 0.012091051, 0.0010419134)
(928924, 0.000105, 0.00259, 8.329675177113511, 0.67701936, 0.0017534801363945005, [nan, nan, nan], 0.0125729935, 0.0010826889)
(269372, 0.000271, 0.001293, 8.347579474451175, 0.82000774, 0.0010602700096964837, [0.41168287, 0.23202987, -0.8812942], 0.059266504, 0.0016332736)
(276628, 0.000159, 0.001952, 8.350479292582232, 0.50287664, 0.0009816152000427245, [-0.5013125, 0.81466496, -0.29155925], 0.15709014, 0.00853809)
(285410, 0.000309, 0.000369, 8.347440903733716, 0.5057981, 0.0001866394994258881, [0.3233067, -0.89207536, -0.31571242], 0.30256358, 0.0017226376)
(433246, 0.000288, 0.000749, 8.345162012761051, 0.71667206, 0.0005367873750925065, [0.111359425, 0.25416827, -0.9607276], 0.06986678, 0.0016955419)
(461358, 0.000105, 0.00319, 8.346664089581717, 0.7555235, 0.0024101199740171435, [nan, nan, nan], 0.032385733, 0.0031981922)
(479185, 0.000167, 0.001348, 8.346191773622273, 0.8042475, 0.0010841256279945373, [nan, nan, nan], 0.032137558, 0.00050876517)
(487945, 0.000352, 0.001756, 8.350451766391007, 0.7823573, 0.0013738193757534026, [0.8091455, -0.5147118, -0.28347027], 0.055448376, 0.0014434999)
(508284, 0.000134, 0.002438, 8.351056939949906, 0.781347, 0.0019049239293336868, [nan, nan, nan], 0.036890287, 0.0033920626)
(514431, 0.000229, 0.001695, 8.345329166967453, 0.7366903, 0.0012486900293827057, [nan, nan, nan], 0.057941474, 0.0032739595)
(537617, 0.000238, 0.000938, 8.349017994975194, 0.78080326, 0.0007323934608697891, [nan, nan, nan], 0.058809564, 0.0015665686)
(566980, 0.000125, 0.001301, 8.343710641676404, 0.8264318, 0.001075187785923481, [nan, nan, nan], 0.03557479, 0.00041837993)
(567258, 0.000204, 0.002222, 8.347024926100397, 0.69687086, 0.0015484470585584642, [0.83821726, -0.03193259, -0.54440063], 0.02061101, 0.004876521)
(613346, 0.000182, 0.003667, 8.349790613864608, 0.7983478, 0.002927541276872158, [nan, nan, nan], 0.017733997, 0.001093759)
(634199, 0.000158, 0.001847, 8.347579474451175, 0.8202895, 0.0015150746928453442, [0.69760174, -0.4436495, 0.5626073], 0.060295846, 0.0011084189)
(660401, 0.000121, 0.001886, 8.34760718328979, 0.7883206, 0.0014867726534605026, [0.43087825, 0.90068364, 0.055793606], 0.04805295, 0.001926)
(686660, 0.000132, 0.001883, 8.347856483314951, 0.7242677, 0.0013637961189746856, [nan, nan, nan], 0.04641399, 0.002768876)
(721317, 0.000137, 0.001006, 8.348133315604986, 0.8113543, 0.0008162224051952362, [nan, nan, nan], 0.035349812, 0.00136333)
(775037, 0.000155, 0.001056, 8.349983554011425, 0.83956236, 0.0008865778484344484, [nan, nan, nan], 0.019663686, 0.00080769527)
(793436, 0.000132, 0.002206, 8.344576465876422, 0.7177955, 0.0015834568536281586, [nan, nan, nan], 0.01650216, 0.0031185874)
(21033, 0.006417, 0.009593, 8.356818672777187, 0.2025408, 0.0019429738941639666, [-0.7023507, 0.13370131, 0.699162], 0.83054715, 0.052762643)
(87792, 0.015929, 0.000236, 8.361003049805463, 0.0016214702, 3.826669682748616e-07, [0.20545562, 0.29243284, 0.93395454], 2.7608957, 0.0028852585)
(146837, 0.000184, 0.000608, 8.36258527851113, 0.59025437, 0.00035887465476989745, [-0.9259886, -0.3566607, -0.123847716], 0.05559042, 0.001654461)
(190921, 0.000566, 0.008548, 8.361110501895304, 0.78059405, 0.006672517946958542, [-0.1465105, -0.87788886, 0.45590106], 0.044037968, 0.0006166211)
(241186, 0.000137, 7.2e-05, 8.358767398637955, 0.063489266, 4.571227133274079e-06, [-0.14459409, -0.7605835, 0.6329339], 0.04639879, 0.0005076446)
(252755, 0.000573, 0.001497, 8.361352171938153, 0.47379574, 0.0007092722254693508, [-0.32277697, -0.9012338, -0.2891238], 0.14200856, 0.0033882838)
(262535, 0.000463, 0.000186, 8.35871338527032, 0.38230658, 7.110902309417725e-05, [0.5408556, -0.18030353, -0.8215631], 0.22846414, 0.00095226767)
(275124, 0.00024, 0.000714, 8.355051864436867, 0.6762175, 0.00048281929242610937, [nan, nan, nan], 0.10598397, 0.0019293585)
(284191, 0.000208, 0.002794, 8.36271910111161, 0.71630013, 0.0020013425629138945, [nan, nan, nan], 0.1638587, 0.004758)
(327935, 0.000226, 0.001049, 8.363708108822017, 0.5284614, 0.0005543560051321984, [-0.31047726, 0.6809072, -0.66330177], 0.4065672, 0.0035154163)
(336628, 0.000154, 0.00155, 8.36336087621551, 0.6840171, 0.0010602265387773513, [nan, nan, nan], 0.07287571, 0.0011878702)
(365891, 0.000376, 0.000205, 8.356872922290956, 0.4754419, 9.746559008955956e-05, [0.22044493, -0.47449574, 0.8522076], 0.5424807, 0.0009937492)
(370219, 0.00039, 0.001765, 8.36365470648787, 0.15892115, 0.00028049583390355116, [0.6490304, -0.5354012, -0.5404675], 0.13806716, 0.010881168)
(381430, 0.00028, 0.001148, 8.355949757680472, 0.73521477, 0.000844026555776596, [-0.33685103, -0.48060983, -0.8096577], 0.064689845, 0.001750824)
(384359, 0.000168, 0.001045, 8.362049575369438, 0.7087959, 0.0007406917208433152, [nan, nan, nan], 0.07221325, 0.0016304621)
(402472, 0.000177, 0.001477, 8.362022772858744, 0.7585765, 0.0011204175087213516, [nan, nan, nan], 0.10230477, 0.0017687618)
(413176, 0.000244, 0.001937, 8.364321764158875, 0.564085, 0.0010926326580047608, [nan, nan, nan], 0.043162856, 0.006902843)
(426226, 0.000204, 0.001403, 8.360788065836267, 0.8273911, 0.0011608296964764593, [nan, nan, nan], 0.027465476, 0.00048684946)
(449199, 0.000151, 0.001502, 8.362022772858744, 0.82457274, 0.0012385082584619523, [nan, nan, nan], 0.08886571, 0.00055472326)
(451480, 0.000245, 0.000891, 8.359953996321222, 0.33786225, 0.00030103526759147644, [nan, nan, nan], 0.10606905, 0.004352805)
(453540, 0.000277, 0.001023, 8.364375084537322, 0.8335991, 0.0008527718696594239, [-0.75343347, -0.5790945, 0.31142822], 0.050880075, 0.00058696896)
(472600, 0.000317, 0.000284, 8.357442133426892, 0.7005076, 0.00019894415307044981, [0.13949111, 0.73119324, -0.66775644], 0.19046359, 0.00089733663)
(481240, 0.000164, 0.000785, 8.354888411487288, 0.6188593, 0.0004858045434951783, [nan, nan, nan], 0.05244893, 0.0023230521)
(518648, 0.000255, 0.000987, 8.362799374883178, 0.8359653, 0.0008250977271795272, [nan, nan, nan], 0.11035286, 0.0005638103)
(534367, 0.000465, 0.000908, 8.354452235961926, 0.750383, 0.0006813477816581725, [-0.38343957, 0.5909178, -0.7097819], 0.1577616, 0.0011727426)
(540393, 0.000111, 0.00185, 8.358443217621232, 0.81606084, 0.0015097125560045244, [nan, nan, nan], 0.035464264, 0.00063245656)
(546287, 0.000308, 0.000419, 8.360814944653042, 0.65162975, 0.0002730328635573387, [0.67020744, -0.5009823, 0.54757535], 0.04857249, 0.0012649919)
(547320, 0.000127, 0.001283, 8.355460227872598, 0.80574715, 0.0010337735952138903, [nan, nan, nan], 0.042843856, 0.0012083648)
(558474, 0.000318, 0.000407, 8.360788065836267, 0.70588815, 0.00028729647791385653, [-0.2875134, 0.8589789, -0.42366415], 0.06932871, 0.0010704409)
(561526, 0.000186, 0.001878, 8.361217927406187, 0.7987665, 0.0015000834753513335, [nan, nan, nan], 0.03703613, 0.00048232757)
(563425, 0.000381, 0.001743, 8.362799374883178, 0.7815912, 0.0013623134214878082, [-0.82072127, 0.55005866, -0.15444136], 0.0526124, 0.0022616077)
(579690, 0.000109, 0.001822, 8.357631704806032, 0.7836412, 0.0014277943012714388, [nan, nan, nan], 0.049377445, 0.0018781674)
(580805, 0.000198, 0.004054, 8.36076118535584, 0.69570625, 0.002820393130540848, [nan, nan, nan], 0.032388266, 0.0019952324)
(584716, 0.000167, 0.002268, 8.359334133788751, 0.76322514, 0.0017309946134090423, [nan, nan, nan], 0.0564669, 0.002838971)
(591250, 0.00014, 0.001322, 8.356872922290956, 0.7776998, 0.0010281191728115082, [-0.97036, 0.1152438, -0.21241528], 0.029273842, 0.001994627)
(599138, 0.000277, 0.00169, 8.358605338377885, 0.80551213, 0.0013613155001401902, [nan, nan, nan], 0.061576635, 0.0011921511)
(620378, 0.000176, 0.001395, 8.35979237832696, 0.78850114, 0.00109995909512043, [-0.23678017, -0.5883041, 0.7731969], 0.028844768, 0.0005293615)
(626033, 0.000259, 0.000935, 8.361513210620636, 0.8418889, 0.0007871661257743836, [-0.23146525, -0.481034, -0.84559447], 0.03421398, 0.00040074493)
(647529, 0.000182, 0.00276, 8.361110501895304, 0.7563765, 0.0020875991535186764, [nan, nan, nan], 0.022786282, 0.0005489302)
(651152, 0.000164, 0.002331, 8.360949313789321, 0.7859626, 0.0018320787777900698, [nan, nan, nan], 0.043922674, 0.0026856125)
(661977, 0.000198, 0.00124, 8.356194315818462, 0.7620211, 0.0009449061942100525, [-0.37795624, 0.8182441, -0.43315777], 0.014812919, 0.0010340523)
(701175, 0.00011, 0.002904, 8.363040107210786, 0.6880683, 0.00199815025806427, [nan, nan, nan], 0.011235897, 0.005823004)
(712794, 0.000104, 0.002062, 8.363921652517483, 0.83462787, 0.0017210026612281798, [nan, nan, nan], 0.007742695, 0.00085684704)
(758658, 0.000194, 0.002291, 8.360707419403198, 0.78599477, 0.0018007140138149261, [nan, nan, nan], 0.039830416, 0.0022848602)
(815172, 0.000208, 0.000562, 8.361969162874487, 0.76255023, 0.0004285532319545746, [0.11389035, -0.10545655, -0.9878805], 0.035710163, 0.0009789661)
(855071, 0.000177, 0.002781, 8.36154004459648, 0.6888245, 0.0019156208644509314, [nan, nan, nan], 0.026842272, 0.000667548)
(81302, 0.006626, 0.009931, 8.371408989642815, 0.024889098, 0.0002471736370082945, [0.7870139, 0.22068536, -0.57611376], 1.424542, 0.09345513)
(106467, 0.000307, 0.000356, 8.37085780447712, 0.63195664, 0.00022497656273841858, [0.8439961, 0.30704984, -0.43976244], 0.16361716, 0.0010299927)
(268412, 0.000157, 0.000518, 8.37114660775838, 0.31673285, 0.0001640676181912422, [-0.4046225, -0.46964824, -0.7846726], 0.22656816, 0.002938971)
(319473, 0.000218, 0.000554, 8.373711140350574, 0.6809293, 0.0003772348339557648, [-0.63771015, 0.7556242, 0.14952521], 0.050173532, 0.0014417489)
(359003, 0.000106, 0.002237, 8.368646041695026, 0.7952923, 0.0017790689150691031, [nan, nan, nan], 0.056252066, 0.00043819088)
(368017, 0.000776, 0.000276, 8.369489946710438, 0.317393, 8.760046935081482e-05, [0.22855502, 0.97335213, -0.01865719], 0.18960242, 0.0016611959)
(380869, 0.002108, 0.000707, 8.372483101109228, 0.84066063, 0.0005943470665812493, [-0.7255276, 0.11386613, -0.6787077], 0.8503433, 0.0003999518)
(398627, 0.00012, 0.003943, 8.367456518952189, 0.71082896, 0.00280279858905077, [nan, nan, nan], 0.015448396, 0.0028815633)
(415855, 0.000121, 0.00108, 8.373371817181301, 0.8030438, 0.0008672872853279114, [nan, nan, nan], 0.023971729, 0.0011887297)
(425990, 0.000256, 0.000562, 8.374909697996799, 0.8407255, 0.0004724877206087112, [nan, nan, nan], 0.04172939, 0.00027292274)
(429309, 0.000179, 0.001943, 8.374415042477318, 0.7230712, 0.001404927375674248, [0.98287493, -0.18334153, 0.018515108], 0.022535779, 0.004400001)
(430919, 0.000513, 0.001793, 8.367668227923247, 0.72670627, 0.0013029843356609347, [-0.38767895, 0.9018706, 0.19061598], 0.23700638, 0.0033753305)
(446464, 0.00018, 0.00221, 8.36988496339647, 0.4802093, 0.001061262533068657, [0.19579053, -0.7886855, 0.58278745], 0.12518807, 0.009712705)
(448165, 0.000152, 0.001796, 8.369858640125745, 0.7568907, 0.0013593757226467132, [nan, nan, nan], 0.05785605, 0.0027612394)
(457060, 0.000252, 0.002653, 8.371828471215448, 0.7623217, 0.0020224394981861117, [0.088923894, 0.5563787, -0.82615685], 0.075016886, 0.00046610093)
(480460, 0.000117, 0.003768, 8.37438899236293, 0.6507683, 0.0024520948791503907, [nan, nan, nan], 0.063900806, 0.0047125993)
(483756, 0.000186, 0.002223, 8.370358509643669, 0.52334183, 0.0011633888981938364, [nan, nan, nan], 0.025604876, 0.008601567)
(490317, 0.000119, 0.001553, 8.374154470991789, 0.742664, 0.0011533571602106094, [nan, nan, nan], 0.021685109, 0.0026287504)
(500286, 0.000207, 0.001218, 8.367668227923247, 0.5146903, 0.0006268927609920502, [nan, nan, nan], 0.090490654, 0.0050164014)
(509222, 0.000248, 0.001438, 8.374519227312147, 0.73337567, 0.0010545942113399506, [-0.6456777, 0.67381024, 0.35927707], 0.2048006, 0.001861772)
(535998, 0.000167, 0.003603, 8.371408989642815, 0.7477441, 0.0026941219325065614, [0.3363205, -0.8908841, -0.30530995], 0.047370337, 0.005874893)
(570213, 0.000142, 0.001926, 8.373006095490718, 0.5805514, 0.0011181419692039489, [nan, nan, nan], 0.040800273, 0.007045694)
(578984, 0.000113, 0.000701, 8.374779580105692, 0.80369645, 0.000563391213953495, [nan, nan, nan], 0.00877254, 0.001365857)
(585777, 0.000379, 0.003385, 8.371225338969625, 0.6573501, 0.0022251301661133766, [0.7170835, 0.32301116, 0.6176205], 0.069606334, 0.0076690544)
(590374, 0.000103, 0.001351, 8.368461218676561, 0.86380625, 0.0011670022406578063, [nan, nan, nan], 0.048519947, 0.000527027)
(623964, 0.000135, 0.001822, 8.370095492144166, 0.826141, 0.0015052289016246796, [0.017577738, -0.9898942, -0.14071417], 0.041406736, 0.0009255879)
(695825, 0.000193, 0.002219, 8.370437383842251, 0.75616086, 0.001677920937895775, [nan, nan, nan], 0.02337059, 0.0021113488)
(710287, 0.000103, 0.00397, 8.367774043720056, 0.78185874, 0.003103979206681251, [nan, nan, nan], 0.010244593, 0.00041959246)
(716640, 0.000146, 0.00268, 8.369753331085, 0.76283866, 0.0020444076132774356, [0.92240554, -0.36894143, -0.11423814], 0.027104767, 0.00037213558)
(719335, 0.000128, 0.002415, 8.373893743072628, 0.8445754, 0.002039649603366852, [nan, nan, nan], 0.03506622, 0.00086671393)
(721127, 0.000188, 0.002169, 8.36901545193339, 0.77949697, 0.0016907289231419564, [nan, nan, nan], 0.02997989, 0.0006905239)
(732466, 0.000106, 0.001918, 8.371828471215448, 0.8130259, 0.0015593836604356768, [nan, nan, nan], 0.027544118, 0.0018547075)
(88987, 0.000271, 0.001152, 8.379156097714878, 0.40388975, 0.0004652809867858887, [0.018606639, -0.89644396, 0.4427662], 0.02263442, 0.0030420562)
(164892, 0.000118, 0.004789, 8.378020889012687, 0.72028154, 0.0034494283015131947, [nan, nan, nan], 0.012214532, 0.0013976526)
(265326, 0.000146, 0.002143, 8.378717846041305, 0.6318477, 0.0013540495774149895, [nan, nan, nan], 0.020519713, 0.00049658737)
(330724, 0.000109, 0.002584, 8.377788321230547, 0.7606206, 0.0019654436149597167, [nan, nan, nan], 0.02972503, 0.002110009)
(334854, 0.000335, 0.000826, 8.383718487276237, 0.8057149, 0.0006655205117464065, [nan, nan, nan], 0.41885814, 0.00045239946)
(337017, 0.000144, 0.002186, 8.379774054039315, 0.7455458, 0.0016297631286382676, [nan, nan, nan], 0.024385046, 0.0031588487)
(341175, 0.000149, 0.000537, 8.382876262236161, 0.7877301, 0.00042301106250286106, [0.6126092, -0.6186318, -0.49193978], 0.024681216, 0.0007937765)
(371160, 0.000151, 0.001798, 8.38131510887731, 0.7421503, 0.001334386251449585, [nan, nan, nan], 0.14334953, 0.0014985693)
(384878, 0.000133, 0.000598, 8.383998866386303, 0.3668042, 0.00021934891897439958, [nan, nan, nan], 0.049388405, 0.00065358146)
(386112, 0.000137, 0.001243, 8.378020889012687, 0.6581938, 0.000818134926557541, [nan, nan, nan], 0.2043973, 0.0025993283)
(390603, 0.000143, 0.004502, 8.382646280745268, 0.7596169, 0.0034197953351736065, [nan, nan, nan], 0.010898097, 0.005497528)
(410629, 0.000391, 0.002905, 8.38195560464556, 0.80760986, 0.002346106632053852, [-0.8235472, -0.26855972, -0.4996455], 0.29523218, 0.0013295786)
(427237, 0.00026, 0.000675, 8.3778917000651, 0.7947259, 0.0005364399790763855, [-0.2209515, 0.9534262, -0.20532624], 0.124275215, 0.0005886392)
(437441, 0.000226, 0.001438, 8.3853218500139, 0.7875059, 0.0011324335197210314, [nan, nan, nan], 0.052896436, 0.0010995053)
(441919, 0.000382, 0.000771, 8.38351446144271, 0.78273624, 0.0006034896424412727, [-0.6250975, -0.5571689, -0.54664046], 0.082491376, 0.0005563839)
(452781, 0.000117, 0.003091, 8.379696857567732, 0.7700118, 0.00238010642015934, [nan, nan, nan], 0.024921943, 0.00560193)
(469697, 0.000363, 0.001594, 8.381520170313877, 0.62887836, 0.0010024320979118346, [0.5857946, -0.80000335, 0.12976658], 0.08916456, 0.004754439)
(479752, 0.000149, 9.5e-05, 8.382825165761968, 0.44800225, 4.256021365523339e-05, [0.23508932, 0.97016555, -0.059261203], 0.16227119, 0.00046672436)
(487987, 0.000107, 0.000414, 8.378614663697768, 0.32734603, 0.00013552125513553617, [nan, nan, nan], 0.029767195, 0.0022824402)
(522326, 0.000196, 0.00131, 8.38128946938845, 0.7385937, 0.0009675577437877655, [nan, nan, nan], 0.081608064, 0.0009985268)
(557823, 0.00044, 0.001225, 8.3853218500139, 0.56861156, 0.0006965491637587548, [0.14216597, -0.7631523, -0.6303867], 0.13224724, 0.0043665506)
(580129, 0.00013, 0.001025, 8.383565476887608, 0.8081926, 0.0008283974260091783, [nan, nan, nan], 0.019806787, 0.0011087148)
(592852, 0.000116, 0.000147, 8.383335860178653, 0.61896354, 9.098764032125473e-05, [nan, nan, nan], 0.0739204, 0.0006188383)
(595661, 0.000144, 0.002678, 8.381109950570853, 0.7424993, 0.001988413103699684, [nan, nan, nan], 0.019285282, 0.005089308)
(596386, 0.000121, 0.00177, 8.379851236791552, 0.8245972, 0.0014595370084047319, [0.5666153, 0.7400741, -0.36226702], 0.018721959, 0.00064574747)
(624171, 0.000113, 0.001858, 8.38190439973105, 0.71269476, 0.001324186871767044, [nan, nan, nan], 0.030433126, 0.00074725907)
(625778, 0.000367, 0.000198, 8.379748323406732, 0.73813957, 0.00014615163481235504, [0.93360937, 0.023787793, 0.35750213], 0.14054695, 0.0004789449)
(658249, 0.000211, 0.000834, 8.380750690165904, 0.75208795, 0.000627241350889206, [nan, nan, nan], 0.057940897, 0.00095136015)
(681789, 0.000116, 0.002625, 8.379027246065245, 0.79879224, 0.002096829637885094, [nan, nan, nan], 0.016848486, 0.0005958453)
(692279, 0.000176, 0.002647, 8.38113560065986, 0.75281924, 0.0019927125285267833, [-0.039812658, 0.08940115, -0.9951997], 0.02838613, 0.0016289407)
(759245, 0.000111, 0.003638, 8.382262707415153, 0.67857826, 0.002468667701005936, [nan, nan, nan], 0.0064324983, 0.00080444105)
(104858, 0.000204, 0.000744, 8.389493293413292, 0.83154744, 0.0006186712946891784, [-0.31537065, -0.6304152, 0.7093081], 0.10815287, 0.0004569995)
(199248, 0.000157, 0.000456, 8.392152145144355, 0.621296, 0.00028331097078323364, [nan, nan, nan], 0.11743182, 0.0012649138)
(255454, 0.000809, 0.000295, 8.393425627073205, 0.38335076, 0.00011308847412467004, [-0.52899724, -0.8248101, 0.19962564], 0.3607429, 0.0008618245)
(276120, 0.000148, 0.000588, 8.395217150336565, 0.79927087, 0.0004699712705612183, [nan, nan, nan], 0.14033794, 0.00092031667)
(294779, 0.000217, 0.000316, 8.390121849521945, 0.7713447, 0.00024374493193626403, [0.22309975, -0.8240771, 0.52069515], 0.2800624, 0.00055375724)
(305406, 0.000104, 0.000162, 8.394496453196828, 0.5875368, 9.518096351623536e-05, [nan, nan, nan], 0.10554844, 0.0007077774)
(327651, 0.000622, 0.00051, 8.394098314642017, 0.4669409, 0.00023813986390829086, [0.2797847, -0.41845298, -0.86407036], 0.3471389, 0.0023345572)
(360517, 0.000339, 6.5e-05, 8.397915332148157, 0.48513538, 3.1533799469470976e-05, [0.9548763, 0.14666826, 0.25826308], 0.2658979, 0.00031139844)
(362164, 0.000202, 0.00017, 8.397100219273998, 0.63310283, 0.00010762748181819915, [-0.9404571, -0.13100049, -0.31365484], 0.13022466, 0.0003366252)
(390881, 0.00012, 0.001998, 8.396679714830361, 0.64943326, 0.0012975676438808444, [nan, nan, nan], 0.14222176, 0.0054939725)
(411166, 0.00013, 0.001928, 8.395217150336565, 0.81884444, 0.001578732075691223, [0.66696334, -0.5945919, 0.4490215], 0.08766233, 0.0023559618)
(417320, 0.000661, 0.002601, 8.392227159304987, 0.41373923, 0.001076135748177767, [-0.7215869, -0.0038452148, -0.6923132], 0.118780635, 0.011913117)
(431666, 0.000152, 0.001816, 8.392951628970252, 0.79722035, 0.0014477521543502807, [-0.21265908, 0.4758254, 0.85344386], 0.022873536, 0.0012394956)
(436138, 0.000276, 0.001348, 8.395366110887469, 0.7822141, 0.0010544246137142183, [nan, nan, nan], 0.036245152, 0.0012259288)
(440963, 0.000319, 0.001786, 8.396357877662163, 0.765435, 0.0013670668749809264, [0.87617654, 0.07493313, -0.4761299], 0.11135917, 0.0027980867)
(459844, 0.000122, 0.004082, 8.393749643746661, 0.7588525, 0.0030976358308792114, [nan, nan, nan], 0.04076689, 0.0015736511)
(492050, 0.000144, 0.003454, 8.389619077433027, 0.7695301, 0.002657957025885582, [nan, nan, nan], 0.041728888, 0.0046614488)
(494990, 0.000252, 0.000785, 8.391751850645685, 0.8299622, 0.0006515203222632409, [nan, nan, nan], 0.14295925, 0.00043757283)
(498201, 0.000197, 0.001911, 8.39645692988791, 0.6834582, 0.0013060886374711993, [0.07102136, 0.88811547, -0.45409992], 0.09095636, 0.0030585371)
(506683, 0.000401, 0.000683, 8.392901704325766, 0.68833727, 0.00047013435298204424, [-0.6592869, 0.5775161, 0.48147264], 0.14883757, 0.0020382456)
(515312, 0.000237, 0.002043, 8.389719678425347, 0.6604405, 0.001349279950797558, [0.75929034, -0.467006, -0.45319274], 0.035423778, 0.0043997895)
(531223, 0.00024, 0.00104, 8.397767243553211, 0.8209753, 0.0008538143157958984, [0.3363187, 0.87386817, 0.35106143], 0.045160964, 0.00059765705)
(532476, 0.000385, 0.000694, 8.39280183781612, 0.6844091, 0.00047497990286350254, [-0.18813741, -0.66661584, 0.721268], 0.112031974, 0.0009672132)
(536818, 0.000143, 0.003001, 8.389266790331803, 0.7930059, 0.002379810656964779, [nan, nan, nan], 0.057822533, 0.00325028)
(540224, 0.000146, 0.001537, 8.396828174659257, 0.8241415, 0.0012667054891586304, [nan, nan, nan], 0.0528786, 0.00047046263)
(544228, 0.000106, 0.00097, 8.392701948336777, 0.8498347, 0.0008243396401405335, [nan, nan, nan], 0.02564673, 0.00038404216)
(561941, 0.000149, 0.002847, 8.396605465880432, 0.6877627, 0.001958060343325138, [nan, nan, nan], 0.02860887, 0.0038372956)
(563926, 0.000221, 0.00276, 8.396234030602294, 0.7323385, 0.0020212542271614074, [nan, nan, nan], 0.058288787, 0.0033918873)
(566706, 0.000171, 0.003208, 8.395167485463515, 0.76231784, 0.002445515618801117, [nan, nan, nan], 0.0803716, 0.004246264)
(583565, 0.000223, 0.002774, 8.396605465880432, 0.77807975, 0.002158393221378327, [-0.35834086, 0.903479, -0.23519668], 0.04945272, 0.0035914672)
(588983, 0.000185, 0.002471, 8.388082017814837, 0.7375126, 0.0018223936061859132, [nan, nan, nan], 0.029159095, 0.00090277183)
(598804, 0.00015, 0.003941, 8.390899997806244, 0.81107366, 0.0031964412974119184, [0.68556225, 0.5896619, -0.4269699], 0.03670749, 0.0036342456)
(601153, 0.000179, 0.002858, 8.397619104444816, 0.74091816, 0.002117544099807739, [-0.6400169, -0.46410665, -0.61235887], 0.012627126, 0.0049033584)
(626912, 0.00014, 0.000776, 8.388662203948451, 0.8216429, 0.0006375948715209961, [-0.85179293, 0.48171827, -0.20590328], 0.015860641, 0.00050197396)
(631659, 0.000189, 0.000719, 8.388485707596443, 0.8541103, 0.0006141053060889245, [nan, nan, nan], 0.03262684, 0.0003683505)
(632529, 0.000104, 0.002409, 8.395564645511225, 0.8114042, 0.0019546727857589724, [nan, nan, nan], 0.015411008, 0.0017878618)
(646337, 0.000153, 0.002633, 8.391376239169649, 0.8197379, 0.0021583699202537532, [nan, nan, nan], 0.029492589, 0.0013470338)
(661042, 0.000122, 0.00245, 8.397026042186756, 0.69098294, 0.0016929081976413728, [nan, nan, nan], 0.021660598, 0.0004885514)
(664633, 0.000125, 0.001514, 8.39573828888771, 0.793195, 0.001200897243976593, [nan, nan, nan], 0.015786527, 0.0016355603)
(674609, 0.00023, 0.000783, 8.391125650920873, 0.7226354, 0.0005658235090970992, [nan, nan, nan], 0.05725388, 0.0004814608)
(734044, 0.000118, 0.002695, 8.392052106104027, 0.70368683, 0.0018964360159635545, [nan, nan, nan], 0.026953144, 0.0016733713)
(755661, 0.000168, 0.001266, 8.3906240402369, 0.77606714, 0.0009825009963512423, [nan, nan, nan], 0.012507325, 0.0005115345)
(90180, 0.000153, 0.001903, 8.405959184384892, 0.5795635, 0.0011029093376398087, [nan, nan, nan], 0.014058625, 0.006424979)
(183294, 0.000426, 0.000376, 8.407627457515005, 0.81545997, 0.00030661294746398926, [0.4438042, 0.45914468, -0.7695609], 0.3511602, 0.0003539542)
(219976, 0.000497, 9.1e-05, 8.402432369344783, 0.5876164, 5.347309094667435e-05, [-0.6898375, -0.6989671, 0.18859783], 0.17531756, 0.0003988353)
(221844, 0.000736, 0.000762, 8.40311564450361, 0.19593215, 0.00014930029821395873, [0.24434699, 0.7159908, -0.6539508], 0.6908995, 0.0050641396)
(255889, 0.00017, 0.000798, 8.400940073078788, 0.6050743, 0.0004828492805957794, [nan, nan, nan], 0.19814691, 0.0029191999)
(274205, 0.000105, 0.001493, 8.405547174744775, 0.8548754, 0.0012763289509415627, [nan, nan, nan], 0.0042308536, 0.00043050214)
(286228, 0.000127, 0.002244, 8.402920532698495, 0.68482053, 0.0015367372756004334, [nan, nan, nan], 0.19440039, 0.0014300717)
(290384, 0.000285, 0.001618, 8.402236950259692, 0.6976267, 0.0011287600166797638, [-0.5965172, 0.30062747, -0.744171], 0.021002712, 0.0027295786)
(312192, 0.000122, 0.000215, 8.407023750778876, 0.62735796, 0.0001348819613456726, [nan, nan, nan], 0.009162584, 0.00058580295)
(318827, 0.000112, 0.001904, 8.40501340492329, 0.8022823, 0.001527545449256897, [nan, nan, nan], 0.005718658, 0.0005539128)
(319610, 0.000128, 0.001554, 8.407579191846818, 0.7871079, 0.0012231656531095504, [nan, nan, nan], 0.023470048, 0.0015071239)
(327495, 0.000126, 0.000206, 8.40692707977527, 0.4597323, 9.470485258102417e-05, [0.04325055, -0.74597216, -0.6645712], 0.030564606, 0.0005177261)
(344845, 0.000163, 0.000899, 8.40323754488387, 0.43376815, 0.0003899575697183609, [-0.46538708, 0.8849766, 0.015202982], 0.07110423, 0.004221173)
(348890, 0.000483, 0.002414, 8.404964847847891, 0.32687858, 0.0007890848860144614, [0.633038, 0.65015566, -0.42019102], 0.3327147, 0.009075158)
(353482, 0.000297, 0.000331, 8.403408147954238, 0.5788862, 0.00019161133581399917, [-0.42957228, 0.5368978, 0.72609115], 0.14817783, 0.0011274262)
(354098, 0.000527, 0.000613, 8.405110502790086, 0.51463705, 0.00031547251349687573, [-0.830884, 0.11654207, 0.5441045], 0.32011235, 0.002061902)
(400494, 0.000253, 0.002163, 8.40401689813367, 0.71157277, 0.0015391318935155868, [nan, nan, nan], 0.10090436, 0.00042900039)
(469034, 0.000456, 0.000639, 8.40404123040148, 0.1748475, 0.00011172755156457426, [-0.8661681, -0.09236035, -0.49114403], 0.13417764, 0.004061805)
(480173, 0.000283, 0.002081, 8.402725333197752, 0.77507293, 0.0016129267719984053, [0.02905833, 0.29130134, 0.95618993], 0.07612972, 0.00055674097)
(488647, 0.000198, 0.001908, 8.407168716949425, 0.7574748, 0.0014452618803977965, [0.0032329946, -0.28351092, -0.9589635], 0.06541153, 0.002030155)
(499821, 0.000261, 0.002051, 8.401454393405075, 0.76947576, 0.0015781947798132895, [nan, nan, nan], 0.05676494, 0.0015538397)
(501663, 0.000136, 0.001437, 8.404940567274162, 0.7722215, 0.0011096823036074637, [nan, nan, nan], 0.13781139, 0.0016684949)
(516567, 0.000226, 0.000874, 8.40416287129573, 0.8382871, 0.0007326629385948182, [0.93532246, -0.14361402, -0.32333702], 0.06754753, 0.0005285718)
(541648, 0.000345, 0.000721, 8.403310668691855, 0.662623, 0.0004777511745095253, [0.56754017, 0.1818955, -0.803002], 0.045889094, 0.0023029274)
(546323, 0.000199, 0.003208, 8.406661123508034, 0.72941643, 0.002339967907428741, [-0.23365182, 0.25403944, 0.9385472], 0.04697932, 0.0009241005)
(560300, 0.000105, 0.002644, 8.401380956353595, 0.79184747, 0.0020936447038650513, [nan, nan, nan], 0.033666935, 0.00092690205)
(598328, 0.000164, 0.001394, 8.404576195676395, 0.7630819, 0.0010637361800670624, [nan, nan, nan], 0.067380816, 0.0027418018)
(602741, 0.000146, 0.000928, 8.403529966272027, 0.7519831, 0.0006978403224945068, [nan, nan, nan], 0.024936754, 0.00096044724)
(609261, 0.000182, 0.000856, 8.40265211075985, 0.7934273, 0.000679173758983612, [-0.7156756, 0.03392484, 0.6976084], 0.04578162, 0.0012162726)
(633130, 0.00011, 0.000687, 8.40748264441533, 0.4942634, 0.000339558963060379, [nan, nan, nan], 0.04918349, 0.002625883)
(634811, 0.000107, 0.002276, 8.403188788837577, 0.7218611, 0.0016429559183120728, [nan, nan, nan], 0.03781408, 0.0026985593)
(636922, 0.000151, 0.000954, 8.404260159486528, 0.7789253, 0.0007430947358608246, [nan, nan, nan], 0.044714764, 0.0012270444)
(639527, 0.000153, 0.002667, 8.40311564450361, 0.7606563, 0.0020286703446507457, [nan, nan, nan], 0.020867854, 0.0038245001)
(662552, 0.000517, 0.002203, 8.400645902047962, 0.6986938, 0.0015392224676012993, [0.6138936, -0.6605929, 0.43214777], 0.07011212, 0.004601641)
(691853, 0.000243, 0.004276, 8.40152781804081, 0.74106824, 0.0031688078112602235, [-0.6331822, -0.74715585, 0.20208484], 0.04334583, 0.0015381481)
(717437, 0.00038, 0.001966, 8.40228581327526, 0.79464114, 0.0015622644755840301, [-0.25334662, 0.9272618, -0.27568284], 0.07938979, 0.0021245452)
(804140, 0.000162, 0.00391, 8.401356474576655, 0.78589773, 0.0030728601312637327, [-0.7675162, 0.6398176, -0.03939997], 0.01413766, 0.0008480155)
(835898, 0.000145, 0.002587, 8.400964578339446, 0.73322433, 0.0018968513477444647, [nan, nan, nan], 0.0165272, 0.0018329256)
(880655, 0.000277, 0.002464, 8.401160570662693, 0.7618334, 0.0018771575698852537, [0.6460435, -0.21849434, 0.7313604], 0.018298833, 0.0010754311)
(133844, 0.000442, 0.00152, 8.414308490241556, 0.64928293, 0.0009869100570678712, [0.15482996, 0.98712593, 0.040124666], 0.05515289, 0.0048712813)
(164073, 0.00029, 0.00022, 8.411184313394463, 0.2089191, 4.596220046281815e-05, [0.51913327, -0.8010927, -0.29791114], 0.3391504, 0.0007839653)
(167778, 0.000232, 0.008704, 8.412379400780143, 0.672335, 0.005852004089355469, [0.9703494, -0.1473248, 0.1916179], 0.119432375, 0.0012093013)
(214601, 0.000307, 0.001494, 8.41044170426463, 0.7690798, 0.0011490052278041842, [0.09819227, 0.66507965, 0.7402887], 0.062054764, 0.00214714)
(218880, 0.000135, 0.001598, 8.419293782079068, 0.79707503, 0.0012737259030342104, [nan, nan, nan], 0.046101533, 0.0020251311)
(220795, 0.000137, 0.002627, 8.412379400780143, 0.7604768, 0.0019977726261615754, [nan, nan, nan], 0.0105717145, 0.0034915782)
(240162, 0.000342, 0.000606, 8.411136441427715, 0.44741288, 0.00027113220423460004, [nan, nan, nan], 0.09498377, 0.0027340641)
(262395, 0.001013, 0.000197, 8.417363162640573, 0.33392927, 6.578406628966331e-05, [-0.5923273, 0.53905886, 0.5988021], 0.39775273, 0.0010504416)
(269623, 0.000148, 0.000139, 8.416370975076738, 0.50051767, 6.957195562124251e-05, [-0.12752707, -0.55222964, -0.8238806], 0.04335775, 0.0003097288)
(324315, 0.000172, 0.002528, 8.410873051244538, 0.7406025, 0.0018722431030273436, [0.44275528, 0.12378683, -0.88805664], 0.100944765, 0.0043259854)
(340078, 0.000151, 0.001461, 8.416441920838865, 0.7467065, 0.0010909381756782533, [nan, nan, nan], 0.08189556, 0.00048219264)
(345302, 0.00015, 0.001034, 8.416749218620893, 0.8498873, 0.0008787834800481795, [nan, nan, nan], 0.021017106, 0.0004765748)
(371230, 0.000352, 0.000345, 8.415637189430637, 0.73809385, 0.00025464237928390503, [0.10084277, 0.8021264, -0.58857805], 0.046131343, 0.0005681191)
(380900, 0.000163, 0.000913, 8.414189658467507, 0.69331735, 0.0006329987439513206, [-0.95785695, 0.2777588, -0.073213615], 0.10786994, 0.0021639157)
(424481, 0.000312, 0.001796, 8.417716966718718, 0.57749605, 0.0010371829090118408, [0.41983977, 0.3974163, 0.8159625], 0.08836446, 0.0055550574)
(436269, 0.000399, 0.002204, 8.41901178792475, 0.72476006, 0.0015973711624145505, [nan, nan, nan], 0.051793575, 0.0049213143)
(462043, 0.000106, 0.001586, 8.418329545159644, 0.7421976, 0.0011771253510713578, [nan, nan, nan], 0.02218869, 0.0026870533)
(466777, 0.000189, 0.003708, 8.418329545159644, 0.75882083, 0.0028137076442241666, [nan, nan, nan], 0.08721239, 0.0038767147)
(481214, 0.000378, 0.000433, 8.418353088622199, 0.6620717, 0.0002866770482063294, [0.85146964, 0.23210064, 0.4702433], 0.083514884, 0.0015531848)
(486232, 0.000148, 0.003354, 8.419434710522243, 0.81936216, 0.0027481406965255742, [nan, nan, nan], 0.021636698, 0.0008738816)
(486772, 0.000253, 0.001278, 8.414546056289765, 0.7829107, 0.0010005598804950714, [nan, nan, nan], 0.07225752, 0.0014850134)
(490602, 0.000396, 0.000852, 8.418258907113149, 0.75327855, 0.0006417933275699615, [nan, nan, nan], 0.15688676, 0.0017784951)
(499638, 0.000209, 0.001609, 8.410849098759526, 0.7735766, 0.0012446847771406173, [-0.22575666, 0.78416663, 0.5780282], 0.07625921, 0.0023216992)
(501834, 0.000176, 0.000981, 8.41611074141508, 0.7471185, 0.000732923222064972, [nan, nan, nan], 0.03445857, 0.0014283904)
(515732, 0.0002, 0.000171, 8.418376630808512, 0.6181549, 0.0001057044850587845, [0.14465225, -0.80797756, -0.5711813], 0.0951328, 0.00050085917)
(518978, 0.000209, 0.000479, 8.415447623961933, 0.4258837, 0.0002039982972741127, [-0.18365149, 0.88583, 0.42611906], 0.07328773, 0.0024275957)
(527731, 0.000315, 0.00209, 8.41433225269509, 0.8257233, 0.0017257616770267486, [-0.7725229, 0.03520035, -0.63401043], 0.040915962, 0.0011275181)
(537148, 0.000209, 0.002464, 8.41020188180456, 0.7886047, 0.0019431219234466552, [nan, nan, nan], 0.019393632, 0.0019260359)
(539555, 0.000146, 0.000948, 8.414617300770894, 0.8419148, 0.0007981352047920226, [nan, nan, nan], 0.034590226, 0.0005243745)
(545687, 0.000312, 0.002012, 8.412403269015805, 0.6839831, 0.0013761739721298216, [nan, nan, nan], 0.04275872, 0.004823433)
(555760, 0.000167, 0.002134, 8.411853967444939, 0.79241055, 0.0016910041190385818, [nan, nan, nan], 0.024246236, 0.0010626181)
(573839, 0.000106, 0.001793, 8.41278498249404, 0.7889642, 0.0014146128320097924, [nan, nan, nan], 0.013073779, 0.0024580848)
(573842, 0.000141, 0.000767, 8.410177892273143, 0.7425051, 0.0005695013914108276, [nan, nan, nan], 0.022895003, 0.0013092746)
(586918, 0.000213, 0.00167, 8.412403269015805, 0.7368285, 0.0012305036050081254, [-0.33595946, 0.745611, 0.5754959], 0.07727878, 0.0027093166)
(593956, 0.000192, 0.00225, 8.415210550708652, 0.6681497, 0.0015033368468284603, [0.7712418, 0.33268815, -0.5426828], 0.021679645, 0.0059677875)
(620056, 0.000152, 0.00227, 8.414712275235631, 0.77547574, 0.001760329930782318, [0.00016013822, 0.83505946, 0.55015975], 0.033682384, 0.0031335757)
(622086, 0.000302, 0.002925, 8.412928038596977, 0.68033844, 0.0019899899438023567, [nan, nan, nan], 0.025953185, 0.0046427017)
(650828, 0.000172, 0.003864, 8.4111603780707, 0.72796917, 0.0028128728713989254, [nan, nan, nan], 0.036150187, 0.0014620863)
(653022, 0.000174, 0.003652, 8.41665468861412, 0.844527, 0.0030842126264572145, [nan, nan, nan], 0.0396308, 0.0016403792)
(669788, 0.000142, 0.00082, 8.41147143443312, 0.69420207, 0.0005692456936836243, [-0.1834523, -0.973978, 0.13308682], 0.034949623, 0.0020822347)
(672019, 0.000118, 0.00373, 8.417197955379754, 0.83081686, 0.0030989469063282013, [nan, nan, nan], 0.006291924, 0.001803901)
(676024, 0.000198, 0.004279, 8.411184313394463, 0.7753306, 0.003317639650762081, [nan, nan, nan], 0.01717315, 0.0013893268)
(686062, 0.000289, 0.002963, 8.413499792248711, 0.73894423, 0.002189491760790348, [0.40020472, 0.7373003, 0.54426515], 0.02888348, 0.0029966556)
(695360, 0.000188, 0.002951, 8.410801189826007, 0.756862, 0.002233499716937542, [nan, nan, nan], 0.043609653, 0.003973991)
(706410, 0.000132, 0.003082, 8.41261802412785, 0.76228374, 0.0023493584941625596, [nan, nan, nan], 0.023236142, 0.0024297687)
(709656, 0.000128, 0.002465, 8.418776652844885, 0.72295785, 0.0017820910990238193, [nan, nan, nan], 0.0030834863, 0.0025263778)
(732109, 0.000169, 0.004144, 8.417764118825806, 0.7187514, 0.002978505681037903, [-0.025327718, -0.57798356, 0.81565523], 0.018188678, 0.0036300193)
(756979, 0.000164, 0.004, 8.414213427423642, 0.7221509, 0.0028886036872863776, [-0.39032993, -0.83946437, 0.3780768], 0.025891704, 0.0015176169)
(760027, 0.000202, 0.003003, 8.412403269015805, 0.70879453, 0.0021285099862217906, [nan, nan, nan], 0.027156549, 0.0015660799)
(775340, 0.00011, 0.003464, 8.410657431307017, 0.78912336, 0.002733523306369782, [nan, nan, nan], 0.033125706, 0.0018154865)
(813437, 0.000107, 0.003047, 8.411184313394463, 0.7878104, 0.0024004582437872884, [nan, nan, nan], 0.021437317, 0.0005953341)
(110472, 0.010492, 0.008373, 8.428084150394902, 0.0066927024, 5.6037997331935915e-05, [0.44318002, -0.8876817, 0.124950625], 2.3210518, 0.08491765)
(124949, 0.000133, 0.003255, 8.427023883114884, 0.72248346, 0.0023516836497187617, [nan, nan, nan], 0.0685402, 0.0027127406)
(180364, 0.000512, 0.003111, 8.422243718203712, 0.68165, 0.002120613096892834, [-0.28447205, 0.26918837, -0.9201159], 0.08265558, 0.0056288573)
(183688, 0.000543, 0.001419, 8.424640377378031, 0.4037857, 0.0005729719161987304, [0.9532199, 0.13484205, -0.27053568], 0.3870333, 0.0040406613)
(287005, 0.000248, 0.001631, 8.422710124823102, 0.45045787, 0.0007346967875361442, [nan, nan, nan], 0.047941055, 0.0067343256)
(343002, 0.000167, 0.004342, 8.42238369279084, 0.76761115, 0.003332967595815659, [nan, nan, nan], 0.05533222, 0.0007079883)
(374921, 0.000233, 0.001023, 8.428682288879614, 0.34015885, 0.00034798250350356105, [-0.51427466, -0.8299849, -0.21597832], 0.077051595, 0.0049949363)
(377671, 0.000332, 0.003527, 8.4277386953997, 0.7433268, 0.0026217135642766956, [0.7789172, 0.26473224, 0.5685111], 0.054743905, 0.00066659553)
(385096, 0.000245, 0.004491, 8.427600436424084, 0.5511807, 0.0024753526149988176, [0.8410841, 0.45248634, 0.2963673], 0.04181154, 0.00083357375)
(391020, 0.000476, 0.001184, 8.427853877599526, 0.8010437, 0.0009484357280731201, [nan, nan, nan], 0.22999787, 0.0011048757)
(422951, 0.000178, 0.002238, 8.424965118233125, 0.7319256, 0.001638049507856369, [nan, nan, nan], 0.017622316, 0.0017614681)
(424090, 0.000103, 0.003982, 8.422756737947747, 0.7246602, 0.002885596987128258, [nan, nan, nan], 0.0059122304, 0.0004055928)
(444756, 0.000371, 0.002114, 8.426538986123237, 0.713359, 0.0015080409224033356, [0.59338444, -0.50684774, 0.6253001], 0.055152062, 0.004978609)
(469138, 0.000404, 0.002116, 8.427346847261642, 0.8131711, 0.0017206700236797332, [-0.76861215, 0.1195744, -0.6284403], 0.12803474, 0.0018436029)
(498265, 0.000151, 0.001282, 8.42259357011858, 0.7452955, 0.0009554688625335692, [nan, nan, nan], 0.2097101, 0.0019968525)
(510233, 0.000193, 0.000879, 8.42443148710133, 0.82788855, 0.0007277140340209006, [nan, nan, nan], 0.15027459, 0.0004396243)
(511920, 0.000114, 0.002424, 8.427761734283655, 0.7803122, 0.001891476725578308, [nan, nan, nan], 0.048157305, 0.0039322353)
(515991, 0.000249, 0.003175, 8.427853877599526, 0.7783336, 0.0024712091937661167, [nan, nan, nan], 0.052298564, 0.0045855143)
(527694, 0.000169, 0.002825, 8.428130190306097, 0.8188575, 0.0023132724121212958, [nan, nan, nan], 0.043540005, 0.002682441)
(548316, 0.000162, 0.00447, 8.425196927409647, 0.79285514, 0.0035440624916553494, [-0.5322287, 0.34745353, -0.772016], 0.055998337, 0.0024243237)
(551720, 0.000141, 0.001013, 8.426354120958413, 0.8241297, 0.0008348433867692947, [nan, nan, nan], 0.0096159205, 0.0005471265)
(555156, 0.000127, 0.005482, 8.427392965397175, 0.6284161, 0.0034449771753549577, [nan, nan, nan], 0.03908563, 0.00099845)
(556371, 0.000174, 0.00437, 8.423152747640342, 0.776151, 0.003391779876351356, [nan, nan, nan], 0.015510531, 0.0025039767)
(561099, 0.000299, 0.002886, 8.422313711136562, 0.7722063, 0.0022285874004364017, [0.09916025, -0.3360455, -0.9366113], 0.053662818, 0.003161639)
(567241, 0.000123, 0.001911, 8.426331007278858, 0.73590195, 0.0014063086298704147, [nan, nan, nan], 0.041604206, 0.0011708875)
(573155, 0.00026, 0.003375, 8.42254693947679, 0.7822101, 0.0026399591267108917, [nan, nan, nan], 0.026532361, 0.00039392753)
(576112, 0.000186, 0.002241, 8.425220101523571, 0.73338574, 0.0016435174471735954, [0.6898425, -0.4226606, 0.5877715], 0.0621867, 0.0038264233)
(577438, 0.000169, 0.003198, 8.426538986123237, 0.7422025, 0.0023735636601448055, [nan, nan, nan], 0.013880942, 0.00077510497)
(615668, 0.00011, 0.001133, 8.428383322611632, 0.7596014, 0.0008606284022927283, [nan, nan, nan], 0.019296238, 0.0004975283)
(646801, 0.000113, 0.000928, 8.423734459642853, 0.774721, 0.0007189411125183105, [0.20532642, 0.20033458, -0.9579703], 0.05543407, 0.0005353646)
(654258, 0.000189, 0.003927, 8.423478602350235, 0.7770751, 0.003051573964297771, [nan, nan, nan], 0.019012155, 0.002784478)
(655097, 0.000159, 0.001861, 8.425984154387725, 0.8383765, 0.0015602187075614928, [nan, nan, nan], 0.026566857, 0.0012343929)
(662073, 0.000165, 0.002319, 8.426538986123237, 0.78329116, 0.001816452202498913, [nan, nan, nan], 0.02531736, 0.0013669399)
(666929, 0.000241, 0.001384, 8.427046959949125, 0.8127984, 0.0011249129590988158, [nan, nan, nan], 0.029534718, 0.0012447799)
(673560, 0.000224, 0.002113, 8.423106177002595, 0.80626917, 0.0017036467537879945, [-0.17061481, 0.36465055, 0.91538], 0.062989116, 0.001955252)
(683537, 0.000112, 0.003667, 8.425891613479234, 0.8363873, 0.0030670321434736257, [nan, nan, nan], 0.004681044, 0.0020519395)
(726160, 0.000183, 0.003698, 8.42822225548889, 0.71637505, 0.002649154945731163, [-0.9912661, 0.1069099, -0.07721341], 0.02045974, 0.0005065869)
(66662, 0.000793, 0.000689, 8.433869798128761, 0.7316577, 0.0005041121441721916, [0.19911401, -0.93437594, -0.29545772], 0.2139113, 0.0013375068)
(156718, 0.000647, 0.000784, 8.432709707425754, 0.46706983, 0.0003661827502250671, [0.51875263, 0.1241674, 0.8458594], 0.36634874, 0.0010892986)
(168129, 0.000198, 0.001433, 8.43724143823912, 0.7937791, 0.001137485414683819, [0.76355374, 0.089222305, 0.63955075], 0.08226432, 0.0014833866)
(277745, 0.000479, 0.001024, 8.434346583294142, 0.5821138, 0.0005960845336914062, [-0.4548074, -0.86490405, -0.2123468], 0.1281963, 0.0033789058)
(291333, 0.000228, 0.002182, 8.434913503043996, 0.20045085, 0.00043738376018404956, [-0.35241985, 0.9262239, -0.13382648], 0.1125634, 0.0037384205)
(325929, 0.000193, 0.003872, 8.43245908499659, 0.7083804, 0.002742848913192749, [0.6984914, 0.6877832, 0.1976466], 0.06304128, 0.0006170979)
(341014, 0.000587, 0.001916, 8.436993418124862, 0.71403503, 0.0013680911254882813, [0.8008854, -0.5960336, 0.057676442], 0.19269685, 0.004520438)
(343703, 0.000169, 0.001277, 8.433051232370799, 0.41068688, 0.0005244471462070942, [nan, nan, nan], 0.041954413, 0.0031588401)
(354145, 0.000174, 0.000431, 8.433983365892255, 0.49257028, 0.00021229779112339023, [nan, nan, nan], 0.18515918, 0.0018773776)
(362919, 0.000844, 0.001598, 8.435638082118272, 0.25570273, 0.0004086129689216614, [0.14680466, 0.9484293, 0.28094515], 0.25252807, 0.009303596)
(381289, 0.000653, 0.000114, 8.437624463668858, 0.6372047, 7.264133656024933e-05, [-0.43670443, -0.6211955, -0.65069616], 0.31186566, 0.0004678974)
(385493, 0.000293, 0.000465, 8.437421727580883, 0.31942773, 0.00014853389382362366, [nan, nan, nan], 0.17787649, 0.0006599138)
(390980, 0.000236, 0.001788, 8.43615812763577, 0.5291218, 0.0009460698072910309, [0.65072644, -0.74331415, -0.15504557], 0.039570414, 0.0060697766)
(394703, 0.000219, 0.00169, 8.433551650307162, 0.6021502, 0.0010176338410377503, [nan, nan, nan], 0.04183254, 0.004712819)
(406556, 0.000157, 0.001801, 8.43468682394187, 0.7759192, 0.0013974304773807526, [nan, nan, nan], 0.085261405, 0.0011747299)
(420925, 0.00015, 0.003071, 8.433324259086772, 0.5736855, 0.0017617882529497146, [nan, nan, nan], 0.029945834, 0.010273201)
(437852, 0.000158, 0.002184, 8.433369746856586, 0.42952317, 0.0009380786032676697, [nan, nan, nan], 0.09669516, 0.010503975)
(438145, 0.00065, 0.000934, 8.43615812763577, 0.26450437, 0.0002470470844507218, [0.8060777, -0.4487647, -0.38580963], 0.11117482, 0.0057733012)
(449326, 0.000202, 0.000797, 8.432914654619717, 0.7608334, 0.0006063842059373855, [0.68588674, 0.26612923, 0.6772995], 0.041508324, 0.00048352798)
(473892, 0.000562, 0.000471, 8.4336880279129, 0.7815177, 0.00036809482938051226, [-0.07841566, 0.55685824, -0.82689774], 0.09373854, 0.0005741081)
(481749, 0.000267, 0.001583, 8.432208317854853, 0.7154223, 0.0011325134576559066, [-0.9014301, 0.3708198, 0.22342008], 0.17128064, 0.002768491)
(494995, 0.000194, 0.003561, 8.435411780991842, 0.82424206, 0.002935125959336758, [0.12679978, -0.37664658, 0.9176378], 0.035902597, 0.00096144737)
(510498, 0.000363, 0.002812, 8.432276723254711, 0.5971141, 0.0016790848102569578, [-0.4637707, 0.67178357, -0.57760155], 0.052431084, 0.009748017)
(528927, 0.000151, 0.006603, 8.433437969579371, 0.74995935, 0.004951981585621834, [nan, nan, nan], 0.04417337, 0.006757225)
(529234, 0.000196, 0.002249, 8.435683328196545, 0.8265568, 0.0018589262472391128, [-0.37781698, 0.88160115, -0.28290218], 0.06651154, 0.00090984046)
(546182, 0.000336, 0.003429, 8.435638082118272, 0.7382233, 0.0025313677446842193, [-0.39445323, 0.91891015, -0.0032825267], 0.05033108, 0.0065940176)
(563036, 0.000186, 0.003208, 8.437218896808034, 0.76500946, 0.0024541503567695614, [nan, nan, nan], 0.025549555, 0.0031130542)
(569558, 0.000357, 0.000599, 8.431934588459645, 0.6651014, 0.00039839574396610265, [nan, nan, nan], 0.06271403, 0.000308459)
(587531, 0.000146, 0.000626, 8.437759568501772, 0.53155005, 0.00033275033116340636, [nan, nan, nan], 0.028800467, 0.0022091796)
(595174, 0.000187, 0.002726, 8.436338867161616, 0.8199473, 0.0022351763461828235, [nan, nan, nan], 0.028166821, 0.0024090684)
(616638, 0.000442, 0.002357, 8.433756200659591, 0.81514513, 0.0019212970830202103, [nan, nan, nan], 0.04459605, 0.0009046644)
(617194, 0.000202, 0.004027, 8.436180724190415, 0.79177684, 0.003188485318243504, [nan, nan, nan], 0.04474917, 0.003865037)
(624122, 0.000117, 0.002256, 8.434074198725403, 0.73932415, 0.0016679152879714968, [nan, nan, nan], 0.04841658, 0.0011081242)
(640225, 0.00012, 0.001297, 8.432390708316625, 0.7384802, 0.0009578088327646256, [nan, nan, nan], 0.0311603, 0.0022126483)
(653696, 0.000152, 0.003119, 8.434437340199942, 0.7714428, 0.0024061300026178354, [0.3924281, 0.31885496, 0.8627466], 0.046359964, 0.0038337256)
(671818, 0.000104, 0.000982, 8.434890840457204, 0.77325976, 0.0007593410832881927, [nan, nan, nan], 0.00525825, 0.0016128652)
(675208, 0.000184, 0.003532, 8.434550759667799, 0.74997467, 0.002648910527467728, [0.001558085, -0.8803348, -0.47435036], 0.016801365, 0.00042202868)
(687377, 0.000241, 0.003431, 8.433551650307162, 0.80949837, 0.002777388906419277, [nan, nan, nan], 0.017370917, 0.00037984987)
(699754, 0.000183, 0.00358, 8.435615457311311, 0.8020004, 0.0028711614441871646, [-0.6144338, -0.1495198, -0.77467084], 0.023811495, 0.0015200909)
(703747, 0.000118, 0.005712, 8.432481874831135, 0.52978593, 0.003026137238502503, [nan, nan, nan], 0.01193205, 0.0025683884)
(717357, 0.000274, 0.001643, 8.43373347759971, 0.6319183, 0.0010382417851686478, [-0.07756393, -0.6675616, -0.7405035], 0.021563321, 0.0007160404)
(746653, 0.000109, 0.002315, 8.435230655149617, 0.8020644, 0.0018567791295051573, [nan, nan, nan], 0.014721413, 0.0005701235)
(775530, 0.000115, 0.000899, 8.43325601849762, 0.75839764, 0.0006817994772791863, [nan, nan, nan], 0.016774608, 0.00053331273)
(840491, 0.000141, 0.002572, 8.43177483326862, 0.5510305, 0.001417250488758087, [nan, nan, nan], 0.006875695, 0.00046638984)
(880465, 0.000179, 0.003577, 8.435457050651747, 0.6522624, 0.0023331425678133964, [nan, nan, nan], 0.020321619, 0.002363571)
(119161, 0.00107, 0.000748, 8.44143625239735, 0.42967227, 0.0003213948587179184, [-0.48642477, 0.8630831, 0.13593616], 0.608229, 0.002268597)
(152817, 0.000558, 0.001663, 8.440587104181766, 0.32569027, 0.0005416229181289673, [-0.2777637, 0.7308458, 0.62346756], 0.102218844, 0.0006904688)
(216630, 0.000195, 0.002317, 8.447047857445309, 0.35054198, 0.000812205765515566, [-0.42266095, 0.89989364, 0.10746782], 0.29403678, 0.010967336)
(238165, 0.001801, 0.00047, 8.441704059897248, 0.46379116, 0.00021798184603452682, [-0.8969925, -0.24211422, 0.36984476], 0.30340448, 0.0022416448)
(244962, 0.000167, 0.000555, 8.44645243495321, 0.6626029, 0.0003677446103096008, [nan, nan, nan], 0.10491648, 0.0019222863)
(277839, 0.000201, 0.002193, 8.444417436204068, 0.51960593, 0.0011394958146214486, [-0.4792805, -0.64238393, 0.59802425], 0.112814374, 0.008087805)
(286408, 0.000127, 0.003062, 8.44252876161703, 0.7645064, 0.002340918595671654, [nan, nan, nan], 0.05717148, 0.0039546825)
(366641, 0.000153, 0.003328, 8.448960906786875, 0.7564365, 0.0025174207611083988, [0.7948046, -0.6019627, 0.076984584], 0.041506894, 0.0024052532)
(367202, 0.000475, 0.001125, 8.446386226479586, 0.710993, 0.0007998671159148216, [0.34207726, -0.83608985, 0.42887875], 0.15105338, 0.0029600714)
(379337, 0.000204, 0.002115, 8.442751385407995, 0.75788, 0.0016029161417484283, [nan, nan, nan], 0.050946444, 0.0013072474)
(380732, 0.000341, 0.000882, 8.44781848842987, 0.6006112, 0.0005297390871047973, [0.8716333, -0.013699898, -0.489967], 0.10504792, 0.003191321)
(398378, 0.000206, 0.001129, 8.440497623501136, 0.798373, 0.0009013630988597871, [nan, nan, nan], 0.01866002, 0.000502593)
(413337, 0.000351, 0.000907, 8.44856579426661, 0.25682873, 0.00023294365388154984, [0.6106147, -0.7391833, -0.28417912], 0.23654278, 0.0053115874)
(422966, 0.000187, 0.001613, 8.441034231248857, 0.7379964, 0.0011903881922364235, [0.42815986, -0.73467606, 0.5262417], 0.06438001, 0.001461765)
(438528, 0.000339, 0.000419, 8.447268177296777, 0.54356855, 0.000227755223095417, [-0.70211446, -0.65575045, 0.27753654], 0.14387986, 0.0018391828)
(439045, 0.000408, 0.001021, 8.442573295505698, 0.3369876, 0.0003440643545389176, [0.51794297, 0.7057024, 0.4834452], 0.14416914, 0.005617658)
(439416, 0.000307, 0.004053, 8.448917023142933, 0.83082545, 0.0033673355408906937, [nan, nan, nan], 0.042271867, 0.0021380007)
(464641, 0.000128, 0.003769, 8.448412042267364, 0.7778827, 0.002931839878201485, [nan, nan, nan], 0.030128336, 0.00061211485)
(472142, 0.000356, 0.003035, 8.446981739688935, 0.4632275, 0.0014058954942226408, [nan, nan, nan], 0.089180656, 0.013442579)
(475738, 0.000677, 0.000887, 8.445590936499547, 0.79788244, 0.0007077217222452163, [0.39837465, 0.63623726, 0.6606813], 0.2903848, 0.000616439)
(478900, 0.000164, 0.001989, 8.448851189361664, 0.750485, 0.0014927146709561346, [0.0048662443, 0.9881995, -0.15309498], 0.047090165, 0.0038455324)
(481002, 0.000139, 0.001381, 8.444594771642182, 0.7760527, 0.001071728797197342, [nan, nan, nan], 0.054402098, 0.0004964339)
(489851, 0.000268, 0.001851, 8.448104374875353, 0.4967755, 0.0009195314651727676, [nan, nan, nan], 0.24158952, 0.007142752)
(490879, 0.000105, 0.003325, 8.447862483211036, 0.6449969, 0.002144614630937576, [nan, nan, nan], 0.009121758, 0.0016809814)
(491758, 0.000435, 0.0031, 8.440385746718038, 0.7796461, 0.002416902905702591, [nan, nan, nan], 0.06523711, 0.0031671461)
(495589, 0.000104, 0.000662, 8.447422334716988, 0.7009652, 0.00046403897941112523, [nan, nan, nan], 0.014420733, 0.0015908424)
(496387, 0.000245, 0.000575, 8.448609713413322, 0.77444875, 0.0004453080326318741, [0.55621785, -0.8187961, 0.14210796], 0.052563448, 0.0005060732)
(501002, 0.000169, 0.001631, 8.441034231248857, 0.8056514, 0.0013140174763202667, [nan, nan, nan], 0.07483955, 0.0014264542)
(522930, 0.000253, 0.000323, 8.44324075641869, 0.70066833, 0.00022631587219238281, [nan, nan, nan], 0.14573735, 0.0007857873)
(524172, 0.000202, 0.00038, 8.443351900240643, 0.47042084, 0.00017875991821289064, [nan, nan, nan], 0.11426107, 0.0018114094)
(537412, 0.000109, 0.00225, 8.443662951706676, 0.7634855, 0.0017178423553705212, [nan, nan, nan], 0.079748034, 0.002482274)
(552968, 0.000419, 0.001823, 8.441056575522877, 0.7224767, 0.0013170750620365142, [-0.9790147, 0.1629728, 0.12235247], 0.11344855, 0.0029937206)
(565174, 0.000126, 0.00235, 8.446253779244065, 0.72026044, 0.001692612037062645, [nan, nan, nan], 0.027444849, 0.001183507)
(567829, 0.000138, 0.002066, 8.440229070788114, 0.7894489, 0.0016310014623403548, [nan, nan, nan], 0.05859971, 0.0005975649)
(581421, 0.000144, 0.0015, 8.44733425146308, 0.619768, 0.0009296520352363586, [nan, nan, nan], 0.022239642, 0.0016981286)
(590408, 0.000152, 0.003512, 8.443262987458695, 0.6946722, 0.0024396888608932497, [nan, nan, nan], 0.0074346587, 0.0020815546)
(600998, 0.000163, 0.003313, 8.448851189361664, 0.75870204, 0.0025135798575878147, [0.6374407, -0.5486049, -0.5410194], 0.028084425, 0.0030526207)
(603529, 0.00017, 0.003099, 8.444284387089349, 0.64944404, 0.0020126270912289622, [nan, nan, nan], 0.019666532, 0.004016813)
(616200, 0.000109, 0.00268, 8.44341857288339, 0.7774408, 0.002083541307449341, [nan, nan, nan], 0.019819897, 0.0006448328)
(622251, 0.000175, 0.002944, 8.440944842654963, 0.6999703, 0.0020607125778198242, [nan, nan, nan], 0.03343482, 0.0014467075)
(635817, 0.000137, 0.002728, 8.445104208043004, 0.6552465, 0.001787512441635132, [nan, nan, nan], 0.026649442, 0.0022806053)
(643851, 0.000232, 0.001616, 8.442127750986597, 0.61647385, 0.0009962217473983765, [nan, nan, nan], 0.04019989, 0.0005412721)
(647465, 0.000113, 0.001957, 8.447047857445309, 0.7500546, 0.0014678568480014803, [nan, nan, nan], 0.005986749, 0.0016173713)
(650781, 0.000107, 0.00457, 8.446165458641412, 0.77336204, 0.0035342645251750953, [nan, nan, nan], 0.019190952, 0.0030764937)
(651981, 0.000136, 0.001216, 8.440877789133523, 0.60003537, 0.0007296430091857911, [nan, nan, nan], 0.08182388, 0.0033463086)
(667089, 0.000157, 0.005014, 8.447356273951454, 0.7373467, 0.0036970563977956777, [nan, nan, nan], 0.01917465, 0.00101694)
(694612, 0.000199, 0.001854, 8.446650999834473, 0.7596265, 0.0014083475453853607, [-0.25472012, -0.12096048, -0.9594197], 0.04832498, 0.0008612983)
(734506, 0.000166, 0.001827, 8.445325515875913, 0.7641251, 0.0013960565736293796, [-0.71863836, -0.012425993, -0.695273], 0.029461853, 0.0011486402)
(751127, 0.000171, 0.001244, 8.442283743567145, 0.8106789, 0.001008484550714493, [0.26441377, 0.70433027, 0.65879005], 0.014626693, 0.0008127126)
(782310, 0.000134, 0.004924, 8.44486063910191, 0.71894854, 0.0035401026260852815, [-0.5198856, -0.61565554, 0.5921885], 0.020882465, 0.0011450299)
(820360, 0.000119, 0.004012, 8.443840595428103, 0.6844624, 0.0027460632615089416, [nan, nan, nan], 0.0074501876, 0.0032513952)
(821930, 0.000104, 0.00294, 8.449048660774222, 0.6810951, 0.0020024196624755857, [nan, nan, nan], 0.006789748, 0.00052024296)
(908146, 0.000135, 0.003962, 8.44310734627575, 0.7193836, 0.0028501978127956394, [nan, nan, nan], 0.0045612617, 0.001788727)
(1026355, 0.000176, 0.004254, 8.44069892911271, 0.5816032, 0.002474140136361122, [-0.76213, 0.4085126, -0.50227016], 0.0075934157, 0.0010220697)
(322879, 0.000145, 0.000886, 8.453240134976005, 0.7716348, 0.000683668447971344, [nan, nan, nan], 0.02360714, 0.0016630939)
(360493, 0.000298, 0.000229, 8.451847466839917, 0.41122678, 9.417093244194985e-05, [-0.55018836, -0.4413601, -0.7088681], 0.18591613, 0.00042598098)
(375558, 0.000405, 0.001482, 8.452674902051973, 0.4949002, 0.0007334420916438102, [-0.32611325, -0.46666425, -0.82211596], 0.04184309, 0.0020293482)
(416775, 0.000146, 0.002198, 8.453022824747851, 0.7992385, 0.0017567262295484542, [nan, nan, nan], 0.021443233, 0.0016921613)
(456370, 0.000101, 0.004422, 8.45245730874019, 0.7828522, 0.0034617723083496094, [0.22898899, -0.0646357, 0.9712807], 0.02852307, 0.0012614599)
(506736, 0.000131, 0.001342, 8.4532618600195, 0.7662861, 0.0010283559128046037, [nan, nan, nan], 0.013945627, 0.0019865085)
(528711, 0.000185, 0.001716, 8.452979349650773, 0.8059712, 0.0013830465881824495, [nan, nan, nan], 0.01642407, 0.0016232397)
(534948, 0.000188, 0.003927, 8.453174953324147, 0.74568695, 0.002928312645971775, [nan, nan, nan], 0.06280821, 0.0051139286)
(590586, 0.000437, 0.004116, 8.453109761887948, 0.8007465, 0.0032958725960254664, [0.53232414, -0.1326804, 0.8360783], 0.03702309, 0.003300802)
(595387, 0.000121, 0.002158, 8.451585843650136, 0.8027191, 0.0017322678527832032, [nan, nan, nan], 0.015815085, 0.0020788708)
(617186, 0.000137, 0.003492, 8.452217830111621, 0.81711024, 0.0028533489596843722, [0.13065639, -0.9251679, -0.35636106], 0.020616325, 0.00039637522)
(620647, 0.000118, 0.002654, 8.452740158792258, 0.8217627, 0.0021809581553936, [nan, nan, nan], 0.05707554, 0.00078788854)
