(44515, 0.000613, 0.009456, 8.155413681714673, 0.46811774, 0.004426521384716034, [-0.84096533, 0.5216809, 0.14361891], 0.17838264, 0.008304572)
(90479, 0.000327, 0.009271, 8.154117795090041, 0.8193431, 0.007596129787921905, [-0.45788527, -0.67027575, 0.58401316], 0.13715537, 0.0012469647)
(147501, 0.004203, 0.005859, 8.155111653847618, 0.7539118, 0.0044171691965460775, [0.32655, 0.3275335, -0.8866154], 0.42759252, 0.0016140448)
(152528, 0.000201, 0.009842, 8.154290803550412, 0.6514857, 0.006411922077655793, [-0.051559817, 0.98628193, -0.15681033], 0.32305178, 0.0009964277)
(167029, 0.000283, 0.009728, 8.152904802232342, 0.813321, 0.007911986633300781, [-0.6863422, 0.31119084, 0.65733916], 0.18502197, 0.0048094275)
(197568, 0.000157, 0.00993, 8.156189361686135, 0.81482077, 0.008091170210838317, [-0.7444438, 0.040778704, -0.6664387], 0.041855127, 0.0010031103)
(278897, 0.000154, 0.00899, 8.153555041134922, 0.6659878, 0.005987230228781699, [0.16517068, 0.13381913, 0.97714436], 0.04408303, 0.0011050286)
(301659, 0.000431, 0.009637, 8.155370547734213, 0.7462839, 0.007191937836527824, [-0.29525298, 0.16161403, -0.9416509], 0.07201197, 0.0055544395)
(384876, 0.000105, 0.000197, 8.15247076813475, 0.5880266, 0.00011584123688936232, [nan, nan, nan], 0.07440626, 0.00085345336)
(477648, 0.000193, 0.001081, 8.156404582703425, 0.8535538, 0.0009226916275024413, [nan, nan, nan], 0.034819987, 0.00042385407)
(603263, 0.000108, 0.000669, 8.153987993500461, 0.7201206, 0.00048176068729162213, [nan, nan, nan], 0.112329155, 0.0014268436)
(844401, 0.000118, 0.002012, 8.155327409469276, 0.82797855, 0.0016658928453922271, [nan, nan, nan], 0.025058322, 0.0008620616)
(67940, 0.000333, 0.009967, 8.1652223990033, 0.3001737, 0.002991831266462803, [0.5108305, -0.5806721, -0.63393384], 0.18416137, 0.04427341)
(80082, 0.000473, 0.009778, 8.163193574376313, 0.72422975, 0.0070815185250043865, [-0.18163306, -0.67049855, -0.71933377], 0.0951264, 0.0012138067)
(281647, 0.000217, 0.009996, 8.1615381469901, 0.76323235, 0.007629270574092866, [nan, nan, nan], 0.04578324, 0.012253182)
(478499, 0.000244, 0.001665, 8.164673860842958, 0.7974407, 0.0013277387782931328, [-0.8702114, 0.46873388, -0.15172553], 0.03645337, 0.0020642725)
(604181, 0.000118, 0.002641, 8.163320653962268, 0.8045639, 0.0021248532069921494, [nan, nan, nan], 0.037467916, 0.00235195)
(30077, 0.000749, 0.009686, 8.17091979425936, 0.67310727, 0.006519716982603073, [0.5533296, 0.7564368, -0.3487546], 0.6759832, 0.023726001)
(65967, 0.000368, 0.009995, 8.167912839012343, 0.81587774, 0.008154697967469692, [-0.20152982, 0.37508324, -0.9048194], 0.2002334, 0.00837168)
(91146, 0.001134, 0.009305, 8.171086238443406, 0.7544906, 0.007020535162687302, [0.35685068, -0.9333252, 0.039518353], 0.33091018, 0.0137276035)
(170450, 0.000823, 0.009645, 8.17224956502566, 0.8203078, 0.007911868646442891, [0.51918054, -0.72751707, 0.4485203], 0.49566838, 0.0037929704)
(185097, 0.000521, 0.009873, 8.16921005334473, 0.8236341, 0.00813173935121298, [-0.5234687, 0.67379946, 0.5215121], 0.27917075, 0.010002942)
(196419, 0.000792, 0.009665, 8.171834448876771, 0.80894077, 0.007818412525057793, [0.6545722, -0.34115496, -0.67464703], 0.35594591, 0.011962507)
(230055, 0.000389, 0.009928, 8.165980771399564, 0.8102217, 0.00804388076019287, [0.63164824, 0.56991076, -0.52556854], 0.19186302, 0.0014609427)
(304267, 0.000257, 0.000481, 8.17100302432514, 0.76743686, 0.00036913713061809535, [0.23554902, -0.29040855, -0.92745864], 0.20694053, 0.0009646041)
(365015, 0.000169, 0.00097, 8.169377153955448, 0.82921875, 0.0008043421828746796, [0.6170674, -0.63191617, -0.46894553], 0.04790675, 0.0009147909)
(437403, 0.00019, 0.000587, 8.172664284768695, 0.8166685, 0.0004793844156265258, [nan, nan, nan], 0.24085529, 0.0006043027)
(443838, 0.000108, 0.009951, 8.173575276578882, 0.83930737, 0.008351947616994381, [nan, nan, nan], 0.10271385, 0.0019285714)
(488941, 0.000292, 0.001674, 8.16707386554192, 0.8544807, 0.0014304006646871565, [nan, nan, nan], 0.0834248, 0.0006142239)
(534919, 0.000161, 0.000595, 8.171792915430375, 0.7657396, 0.00045561507374048234, [nan, nan, nan], 0.12064224, 0.0008124118)
(543950, 0.000107, 0.001009, 8.168373584515454, 0.62676, 0.0006324008460044861, [nan, nan, nan], 0.061692942, 0.003294016)
(607862, 0.000141, 0.000119, 8.169502437233946, 0.5930431, 7.057212758064271e-05, [nan, nan, nan], 0.09559659, 0.0005173336)
(661932, 0.000159, 0.00093, 8.167283760902393, 0.8225152, 0.0007649391263723374, [nan, nan, nan], 0.032639734, 0.0005614396)
(98168, 0.000999, 0.009969, 8.192554782639345, 0.80411935, 0.008016265785455704, [-0.07220855, -0.67343277, 0.7357134], 0.5052773, 0.010387688)
(100105, 0.000767, 0.009965, 8.18310800485779, 0.68838495, 0.006859756028354168, [-0.24342832, -0.8906218, 0.38410354], 0.61065847, 0.009258092)
(104392, 0.001282, 0.009488, 8.18464304415587, 0.5168584, 0.004903952488899231, [0.33246365, -0.8294922, 0.44878796], 0.4585084, 0.019945687)
(236356, 0.001764, 0.008414, 8.178510961658874, 0.39086086, 0.003288703238844871, [0.9069683, 0.1623718, 0.38864365], 0.57265985, 0.037726935)
(245454, 0.000313, 0.000202, 8.179980794908108, 0.32315317, 6.527693992853166e-05, [0.54472905, -0.22499242, 0.80786675], 0.14943966, 0.0011218328)
(285978, 0.001198, 0.009689, 8.189335563778107, 0.6697074, 0.006488795168042183, [-0.5381375, -0.048467483, -0.8414624], 0.33666605, 0.023918137)
(306945, 0.000606, 0.000737, 8.177815140748296, 0.6174957, 0.00045509434241056444, [-0.91738456, -0.042928323, -0.39568007], 0.2798953, 0.002043071)
(375812, 0.000152, 7e-05, 8.186011916373301, 0.638351, 4.468457162380218e-05, [-0.6427436, -0.49535072, -0.58438706], 0.50345844, 0.00028905747)
(392838, 0.000207, 0.001404, 8.188616929612087, 0.78083485, 0.0010962921345233918, [nan, nan, nan], 0.13512684, 0.0018695849)
(400120, 0.000562, 0.000222, 8.190809032325584, 0.6645698, 0.00014753449451923372, [0.9064499, -0.40636393, -0.11496488], 0.3138156, 0.0005172828)
(432129, 0.000133, 0.000207, 8.190729513057413, 0.17198187, 3.5600247323513027e-05, [nan, nan, nan], 0.14516465, 0.00070142973)
(439704, 0.000198, 8.3e-05, 8.188337139314497, 0.09327701, 7.741991609334945e-06, [nan, nan, nan], 0.29917732, 0.0005553129)
(452127, 0.000245, 0.000105, 8.19112696387851, 0.6413168, 6.733826100826264e-05, [nan, nan, nan], 0.24037118, 0.0004290207)
(469576, 0.000127, 0.001905, 8.187817050056564, 0.8489867, 0.00161731963545084, [0.6761523, -0.3227123, 0.6623254], 0.03361844, 0.000792059)
(476727, 0.000204, 0.000452, 8.185690216742367, 0.57322633, 0.00025909830236434936, [nan, nan, nan], 0.09613731, 0.001533229)
(481888, 0.000151, 0.000479, 8.18464304415587, 0.8139569, 0.00038988536292314534, [nan, nan, nan], 0.16425481, 0.0004976901)
(494188, 0.000256, 0.001414, 8.191007766819466, 0.5548488, 0.0007845561892986297, [-0.57634145, -0.15148199, 0.8030465], 0.1260327, 0.005426914)
(558402, 0.000101, 0.001781, 8.181811118543097, 0.3934265, 0.0007006926102340221, [0.95266706, -0.1047646, -0.2853941], 0.11663672, 0.00925937)
(576123, 0.000303, 0.000297, 8.183431622221425, 0.5691872, 0.00016904860550165176, [nan, nan, nan], 0.057495635, 0.0011436734)
(594490, 0.000171, 0.002174, 8.182743646846474, 0.7897135, 0.0017168371531963349, [0.907058, -0.13297956, -0.39945242], 0.04640302, 0.0019538235)
(627142, 0.000188, 0.001177, 8.178756279580236, 0.7434838, 0.0008750804111957552, [nan, nan, nan], 0.023572335, 0.0015645371)
(357650, 0.000504, 0.000636, 8.204736440505211, 0.6730034, 0.00042803014683723446, [0.42610377, 0.81701016, 0.38849697], 0.15048873, 0.0017884299)
(404296, 0.000166, 0.000628, 8.20841692424358, 0.5843931, 0.0003669988567829132, [-0.0038997137, 0.7845677, -0.6200309], 0.09387692, 0.002087399)
(507792, 0.00016, 0.000562, 8.205621068458758, 0.69345206, 0.0003897200578451157, [-0.32546356, -0.28719288, -0.900885], 0.056354374, 0.0016814785)
(669011, 0.000191, 0.00052, 8.205236668998449, 0.7819003, 0.00040658814907073974, [nan, nan, nan], 0.051845573, 0.0006788874)
(684808, 0.000303, 0.001331, 8.206810549163364, 0.778505, 0.0010361901913285255, [0.42255446, -0.8812634, 0.21171376], 0.0453925, 0.0005413746)
(733559, 0.00011, 0.000586, 8.204659431110223, 0.79089755, 0.00046346596324443824, [nan, nan, nan], 0.005347759, 0.0011214297)
(9989, 0.001281, 0.009944, 8.219349312951884, 0.6326563, 0.006291134010791778, [0.20966883, -0.97728074, 0.031004652], 0.13550152, 0.009493912)
(42127, 0.009839, 0.001505, 8.223720074692462, 0.61701703, 0.0009286106312274932, [-0.58582044, -0.14278595, 0.7977635], 1.499627, 0.001073065)
(85720, 0.000171, 0.001685, 8.215234874030047, 0.66873, 0.0011268100845813751, [nan, nan, nan], 0.38442913, 0.0039375606)
(98330, 0.001823, 0.00998, 8.224419747982063, 0.808868, 0.008072502549886703, [0.51640344, 0.5766961, 0.63304746], 0.38228118, 0.0034869488)
(247250, 0.000122, 0.000487, 8.21804439658476, 0.7952841, 0.0003873033530116082, [nan, nan, nan], 0.014680362, 0.0007246168)
(256485, 0.000874, 0.00021, 8.21931208398766, 0.29886168, 6.27609533071518e-05, [0.9398059, 0.29548725, 0.17161612], 0.65383804, 0.0011434559)
(428795, 0.000496, 0.000119, 8.218268375177606, 0.43405282, 5.1652286171913145e-05, [0.39738107, 0.32098004, 0.8596861], 0.28345758, 0.00059190264)
(434976, 0.000389, 0.00053, 8.213125181211499, 0.7285728, 0.0003861435765028, [-0.9191542, -0.3670018, -0.14305669], 0.113287546, 0.0011624907)
(465904, 0.00013, 0.002449, 8.225705676493723, 0.79001683, 0.0019347512165904044, [0.07901152, 0.7043007, -0.705491], 0.06715786, 0.0013322223)
(478621, 0.000113, 0.001626, 8.227243781503063, 0.8101038, 0.001317228736639023, [nan, nan, nan], 0.12313241, 0.0014981797)
(583246, 0.000128, 0.000741, 8.227682241390788, 0.8095743, 0.0005998945607542991, [nan, nan, nan], 0.027155973, 0.0005223214)
(589069, 0.00019, 0.001665, 8.215197290673016, 0.7743611, 0.001289311188161373, [nan, nan, nan], 0.04346823, 0.0020362358)
(627284, 0.000174, 0.00217, 8.216997633101913, 0.8524033, 0.0018497151243686677, [nan, nan, nan], 0.030217957, 0.0008775488)
(670950, 0.000248, 0.00013, 8.225815721973065, 0.6242574, 8.115346014499664e-05, [0.46822205, 0.87142134, 0.14626354], 0.04127603, 0.00054074253)
(686099, 0.000108, 0.001288, 8.214520233488058, 0.7935278, 0.001022063783168793, [nan, nan, nan], 0.02707938, 0.00047267968)
(744317, 0.000347, 0.001484, 8.21429431299645, 0.7153789, 0.0010616222586631776, [-0.2142899, 0.97645694, -0.02473228], 0.03527411, 0.0028484964)
(77672, 0.011638, 0.000448, 8.234709930770325, 0.0039356225, 1.7631588876247405e-06, [-0.13109049, -0.0024586571, -0.9913674], 2.6390963, 0.0048785694)
(86382, 0.007138, 0.000138, 8.236144904756836, 0.11735082, 1.6194412708282467e-05, [0.88556105, -0.05872968, 0.46079555], 1.4137126, 0.00089718396)
(308934, 0.000103, 0.000205, 8.23924969795695, 0.3498966, 7.172880500555038e-05, [nan, nan, nan], 0.044019178, 0.0005812098)
(339219, 0.000505, 0.000483, 8.231970348260793, 0.3347854, 0.0001617013490796089, [-0.24086489, -0.026616456, 0.97019356], 0.29983714, 0.0025814043)
(381639, 0.000175, 0.00045, 8.234817718439604, 0.7613199, 0.00034259394407272335, [nan, nan, nan], 0.069491826, 0.001022917)
(403716, 0.000108, 0.000487, 8.233738636017868, 0.58767074, 0.0002861956520676613, [nan, nan, nan], 0.18159792, 0.0021170545)
(515201, 0.000101, 0.000582, 8.236896372345964, 0.6807563, 0.00039620014965534214, [nan, nan, nan], 0.06966422, 0.0013762551)
(534179, 0.000172, 0.000456, 8.234925479363667, 0.7825203, 0.0003568292541503906, [nan, nan, nan], 0.19220734, 0.0007579058)
(589522, 0.000249, 0.000571, 8.241731792705759, 0.78753316, 0.0004496814366579056, [-0.7095489, -0.3181718, -0.62873447], 0.06020212, 0.00049980136)
(678229, 0.000185, 0.000968, 8.23789631074456, 0.6921463, 0.0006699976196289062, [0.8181782, 0.57346916, -0.041443694], 0.026989415, 0.001824693)
(695885, 0.000179, 0.002144, 8.232404064490487, 0.78596425, 0.0016851073532104493, [nan, nan, nan], 0.050725956, 0.0010334488)
(735440, 0.000102, 0.002025, 8.241165706131886, 0.81197023, 0.0016442397236824035, [nan, nan, nan], 0.027766839, 0.0009763307)
(279044, 0.001342, 0.000119, 8.248781100851183, 0.5138597, 6.114930301904679e-05, [0.48076576, -0.64892745, 0.5897096], 0.60611683, 0.00055675406)
(318697, 0.000395, 0.000627, 8.248815887545254, 0.6118905, 0.00038365534025430677, [-0.3259371, 0.9255674, -0.19258775], 0.16132069, 0.0021737507)
(334897, 0.000546, 0.000117, 8.251658955938769, 0.56704926, 6.634476399421692e-05, [-0.5071316, -0.8221974, -0.25847456], 0.24848542, 0.00052525115)
(358119, 0.0005, 0.002499, 8.25619686405156, 0.63736755, 0.001592781498849392, [0.078898884, -0.32060435, -0.9439215], 0.22553487, 0.0040809102)
(368437, 0.000495, 0.000718, 8.25540957137615, 0.43626216, 0.00031323623126745223, [-0.9827687, 0.1745023, 0.06094805], 0.6314031, 0.0035972162)
(450364, 0.000136, 0.001776, 8.24909408083327, 0.6732675, 0.0011957230510711671, [0.5670987, 0.0075879884, 0.82361484], 0.06600078, 0.0047064703)
(546464, 0.000285, 0.000257, 8.24745713750634, 0.6335067, 0.00016281122583150864, [-0.6953756, 0.5576714, -0.45327175], 0.18208577, 0.0006663988)
(568913, 0.000114, 0.001057, 8.253968213416236, 0.7201562, 0.0007612050957679748, [-0.53942966, 0.1679981, 0.8251014], 0.14834371, 0.0019538053)
(573892, 0.000333, 0.001074, 8.246898469499532, 0.76893526, 0.0008258364726305009, [0.38792068, -0.8657232, 0.31629243], 0.086179584, 0.0012982388)
(681891, 0.000175, 0.000503, 8.252177021706876, 0.8256359, 0.0004152948627471924, [nan, nan, nan], 0.032328825, 0.00056153507)
(688050, 0.000105, 0.000629, 8.254071326348202, 0.7278637, 0.0004578262855410576, [nan, nan, nan], 0.029803945, 0.0014108501)
(726590, 0.000122, 0.002215, 8.248537515942484, 0.8271387, 0.0018321122691035271, [nan, nan, nan], 0.040007133, 0.0014085276)
(794810, 0.000118, 0.001308, 8.247561807797725, 0.7073824, 0.0009252561542987824, [nan, nan, nan], 0.009736081, 0.0014993704)
(258770, 0.000115, 0.002019, 8.271584215548193, 0.7650821, 0.0015447008020877838, [nan, nan, nan], 0.023954416, 0.0004931463)
(367114, 0.000299, 0.000683, 8.26257916937616, 0.73646265, 0.0005030039917826652, [0.95569235, -0.15284021, 0.25157908], 0.055447232, 0.0016754514)
(391690, 0.000218, 0.000149, 8.271419141053864, 0.10444896, 1.556289492547512e-05, [-0.9934241, -0.05634336, -0.0996692], 0.10004103, 0.0009810156)
(399733, 0.000145, 0.00201, 8.272276844069406, 0.7357158, 0.001478788771033287, [nan, nan, nan], 0.07515033, 0.0022023667)
(402665, 0.000111, 0.000184, 8.269068286519017, 0.5315784, 9.781042957305906e-05, [nan, nan, nan], 0.16704792, 0.0008495659)
(455585, 0.00022, 0.000162, 8.271947158726082, 0.58965725, 9.552447402477266e-05, [0.71182525, -0.28534827, -0.64177966], 0.24594502, 0.000706395)
(482172, 0.000176, 0.001284, 8.263824290203495, 0.75273925, 0.0009665171978473664, [0.088971086, 0.9009195, 0.4247684], 0.14903228, 0.001586506)
(498567, 0.000444, 0.001395, 8.261735846104637, 0.83635056, 0.0011667090314626694, [-0.13945661, -0.9898469, -0.027473455], 0.03313228, 0.000387434)
(556359, 0.000188, 0.001455, 8.269897504478008, 0.755064, 0.0010986181354522705, [nan, nan, nan], 0.12036235, 0.0019542675)
(562053, 0.000163, 0.000416, 8.263790685183018, 0.7320281, 0.0003045237007141113, [nan, nan, nan], 0.039604783, 0.0010982626)
(586763, 0.000154, 0.000675, 8.272144999963382, 0.8390834, 0.0005663812771439552, [nan, nan, nan], 0.05750896, 0.00056875276)
(605574, 0.000366, 0.002358, 8.261837131404253, 0.73876566, 0.001742009419083595, [-0.32174984, -0.016213607, -0.94668585], 0.062637724, 0.003951816)
(632352, 0.00018, 0.002492, 8.260044270849672, 0.8065317, 0.002009877064466476, [0.985177, -0.1636119, -0.051550355], 0.045638572, 0.0008744005)
(635730, 0.00026, 0.000389, 8.266170203287238, 0.67430764, 0.0002623056736588478, [0.2850412, -0.78856987, 0.54489356], 0.08024483, 0.0005981731)
(657939, 0.000123, 0.003745, 8.270592826101012, 0.8242647, 0.003086871320903301, [nan, nan, nan], 0.01768538, 0.0009592194)
(661450, 0.000104, 0.000995, 8.266470903405965, 0.8215958, 0.0008174878090620041, [nan, nan, nan], 0.023297984, 0.0005873309)
(665881, 0.000102, 0.003126, 8.263958684288399, 0.79285276, 0.002478457725763321, [nan, nan, nan], 0.030719524, 0.00092192646)
(667610, 0.000179, 0.003286, 8.271848204299975, 0.7710253, 0.0025335891358852385, [-0.53204477, 0.30807585, 0.7886809], 0.022492578, 0.000977074)
(701307, 0.000165, 0.002378, 8.270526652935882, 0.777391, 0.0018486358371973038, [nan, nan, nan], 0.078859925, 0.00043439394)
(88340, 0.00013, 0.000545, 8.281504665110624, 0.42880654, 0.00023369956612586976, [nan, nan, nan], 0.1431482, 0.0026077908)
(182492, 0.004262, 0.009186, 8.281052745733838, 0.27520218, 0.002528007270634174, [-0.5246157, -0.26946527, -0.8075685], 1.2406899, 0.050783172)
(219385, 0.000129, 0.002718, 8.280471014684345, 0.6226394, 0.0016923339371681214, [-0.18696207, 0.97788835, 0.093699045], 0.10713251, 0.006516252)
(457990, 0.000278, 0.000433, 8.282664588743117, 0.7859967, 0.0003403365604877472, [0.10354078, 0.98076874, 0.16544485], 0.08307368, 0.000485764)
(499693, 0.000166, 0.002567, 8.276768511632849, 0.77022594, 0.0019771699934601782, [0.07549669, -0.59200835, -0.80238783], 0.10930369, 0.0016937661)
(506041, 0.000124, 0.002288, 8.280632684820562, 0.7563457, 0.001730518937110901, [0.55780596, -0.50591844, 0.6579507], 0.025608554, 0.0016394459)
(507670, 0.000301, 0.000685, 8.277290069280944, 0.7910738, 0.000541885552406311, [0.02424208, -0.29418126, -0.95544213], 0.14128736, 0.0008083465)
(516588, 0.000165, 0.001323, 8.279272781507073, 0.5489586, 0.0007262722272276878, [nan, nan, nan], 0.055442527, 0.0041586864)
(518014, 0.000792, 0.000435, 8.28510318995085, 0.6076227, 0.000264315867125988, [0.9394325, 0.27759418, -0.20101768], 0.12989382, 0.0013338705)
(533647, 0.000193, 0.003187, 8.283436153648529, 0.7736174, 0.00246551861178875, [0.33125186, -0.8953228, -0.29777384], 0.025852282, 0.001247284)
(539184, 0.000177, 0.002276, 8.281956114716664, 0.7941138, 0.0018074030425548552, [nan, nan, nan], 0.05187357, 0.0023554778)
(540435, 0.000225, 0.001875, 8.284783102611845, 0.7955148, 0.0014915902912616729, [nan, nan, nan], 0.12724793, 0.00226355)
(550089, 0.000322, 0.00034, 8.281117334443342, 0.8212437, 0.00027922285914421083, [nan, nan, nan], 0.14417337, 0.00052398856)
(570156, 0.000323, 0.001533, 8.276898959777375, 0.87535644, 0.0013419214160442351, [-0.49340183, 0.86420596, -0.09850252], 0.08627529, 0.00038120872)
(603508, 0.000283, 0.00421, 8.276638024294105, 0.7697646, 0.003240708975195885, [nan, nan, nan], 0.028041916, 0.0036210474)
(761386, 0.0002, 0.000906, 8.281181913548577, 0.7551973, 0.0006842087416648865, [0.61843294, 0.07355366, -0.7823878], 0.0361584, 0.0007012447)
(11453, 0.013032, 0.000941, 8.297716999912033, 0.04169462, 3.9234636254608635e-05, [0.27711836, -0.6369725, 0.71935487], 2.059361, 0.007432809)
(93933, 0.003367, 0.000116, 8.29321811748319, 0.014758462, 1.711981602013111e-06, [0.9196408, -0.27733055, 0.2781161], 5.7625523, 0.00097577774)
(185716, 0.000985, 5.8e-05, 8.293249520967198, 0.32195422, 1.8673344790935514e-05, [-0.9822009, -0.17406654, 0.07058428], 0.9712089, 0.0003139017)
(319391, 0.000134, 0.002339, 8.296565478521476, 0.78584576, 0.0018380932245254517, [nan, nan, nan], 0.005577434, 0.00038051978)
(331384, 0.000271, 0.002329, 8.300505317620393, 0.74263525, 0.001729597497463226, [nan, nan, nan], 0.04352041, 0.0022546416)
(373388, 0.000171, 0.005517, 8.300597953935275, 0.8027207, 0.004428610242784023, [nan, nan, nan], 0.10935152, 0.0058145886)
(450111, 0.000151, 0.000895, 8.293312321123754, 0.83817786, 0.0007501691845059395, [-0.36585084, 0.9081673, 0.20343363], 0.09243469, 0.00043370484)
(450590, 0.000498, 0.001002, 8.293720300939482, 0.75341225, 0.0007549190711975099, [0.5997168, 0.06212128, -0.79779744], 0.1127387, 0.000617241)
(455747, 0.000173, 0.000968, 8.29625373169745, 0.79657155, 0.0007710812630653381, [-0.8322701, -0.5457043, 0.09763904], 0.10157044, 0.0013251838)
(472360, 0.000179, 0.002355, 8.29846230346039, 0.7478282, 0.0017611353769898413, [0.8298088, 0.36844468, 0.41912523], 0.08951555, 0.0003842896)
(480015, 0.000169, 0.0011, 8.300258190801348, 0.3429721, 0.00037726930975914006, [nan, nan, nan], 0.13248385, 0.005721684)
(506588, 0.000233, 0.000425, 8.294973224944163, 0.7963254, 0.0003384382888674736, [0.88707924, 0.24272832, -0.39264914], 0.052024696, 0.0005682212)
(507393, 0.000194, 0.000117, 8.297903445742847, 0.5773704, 6.75523374080658e-05, [-0.46730357, 0.4934176, -0.7335983], 0.09769836, 0.00051692635)
(519813, 0.000163, 0.000556, 8.296908141760637, 0.781342, 0.00043442616844177243, [nan, nan, nan], 0.14578633, 0.0007322443)
(523856, 0.000349, 0.000573, 8.289401436615718, 0.47281212, 0.0002709213425517083, [-0.93249846, -0.18716957, -0.30889174], 0.096686505, 0.0027393072)
(524494, 0.000228, 0.000496, 8.297032679572633, 0.7426081, 0.0003683336029052735, [nan, nan, nan], 0.068531655, 0.00091122516)
(526048, 0.000329, 0.000327, 8.294910664517392, 0.62958294, 0.00020587362188100814, [-0.039943192, -0.607627, -0.7932175], 0.22324143, 0.0006291561)
(531867, 0.000162, 0.001063, 8.298927469503543, 0.57475007, 0.0006109593199491501, [0.28872538, -0.43956104, 0.8505432], 0.115275934, 0.003512113)
(534438, 0.000364, 0.001048, 8.290951078137045, 0.7447453, 0.0007804930891990663, [0.46738732, -0.8092049, 0.35600087], 0.044072326, 0.002016191)
(587710, 0.000244, 0.001251, 8.293563430978626, 0.7221328, 0.0009033881353139877, [nan, nan, nan], 0.061423447, 0.0029657402)
(599220, 0.000203, 0.000523, 8.297094935089067, 0.7321458, 0.0003829122462272644, [-0.7462006, -0.09402082, 0.6590483], 0.112000845, 0.0009783104)
(657888, 0.000487, 0.000474, 8.290635273526052, 0.6956843, 0.0003297543647289276, [-0.20380846, 0.48126197, -0.85255444], 0.059291955, 0.0011570216)
(686207, 0.000124, 0.001771, 8.2922749555042, 0.82647777, 0.0014636921236515046, [nan, nan, nan], 0.05119475, 0.0015424456)
(698390, 0.000179, 0.00141, 8.296503147056438, 0.8090608, 0.0011407757449150087, [nan, nan, nan], 0.05625337, 0.00053667)
(705338, 0.000136, 0.002178, 8.291581999264793, 0.8532179, 0.0018583085857629775, [-0.9939784, -0.10826321, -0.016916683], 0.024537273, 0.0010638994)
(709258, 0.000158, 0.002586, 8.291235106075602, 0.81752104, 0.0021141093982458116, [nan, nan, nan], 0.018168697, 0.0009995989)
(758513, 0.000184, 0.001233, 8.291077335709533, 0.7151487, 0.0008817783315181732, [nan, nan, nan], 0.026625535, 0.0021409309)
(806762, 0.000101, 0.002194, 8.29098264597147, 0.63354033, 0.001389987489104271, [nan, nan, nan], 0.036196105, 0.0044922526)
(182679, 0.000166, 0.000184, 8.312535561268838, 0.6660516, 0.00012255349922180175, [0.5791886, 0.18260889, 0.7944776], 0.019454706, 0.0003191493)
(220553, 0.000142, 0.001318, 8.306150765159568, 0.58459765, 0.0007704996989965438, [nan, nan, nan], 0.040624008, 0.001222217)
(319769, 0.001044, 0.000135, 8.310970751298559, 0.59338343, 8.010676324367523e-05, [-0.22634022, 0.52342564, 0.8214595], 0.82354164, 0.0005857403)
(324335, 0.000301, 0.000505, 8.313015909147923, 0.6409524, 0.00032368096619844435, [0.6029997, -0.5815448, 0.5460742], 0.25185195, 0.0018046835)
(368419, 0.000866, 0.000121, 8.305143651964297, 0.54766685, 6.626768857240677e-05, [-0.9125068, -0.20594662, 0.35343644], 1.7297198, 0.0005496992)
(385261, 0.000159, 0.000546, 8.309974766435696, 0.5879325, 0.00032101115977764127, [nan, nan, nan], 0.11428602, 0.0017031748)
(463590, 0.000165, 0.002602, 8.305632240942172, 0.77175635, 0.0020081100252866747, [nan, nan, nan], 0.068125986, 0.0004700344)
(472730, 0.000151, 0.001787, 8.307277182378632, 0.75427836, 0.0013478954325318337, [nan, nan, nan], 0.057497736, 0.0021423916)
(481716, 0.000225, 0.002679, 8.309793432620157, 0.8252819, 0.002210930258452892, [nan, nan, nan], 0.028998444, 0.0011536155)
(500198, 0.000235, 0.000877, 8.308915916907905, 0.721725, 0.0006329528136253356, [nan, nan, nan], 0.17859639, 0.0014941306)
(527754, 0.00015, 0.000862, 8.305906830879813, 0.75827014, 0.0006536288645267488, [-0.19160505, 0.59739196, 0.7787235], 0.08872236, 0.0013609498)
(566455, 0.000111, 0.002672, 8.306120280866438, 0.7132485, 0.0019057999687194826, [nan, nan, nan], 0.02885505, 0.0022450704)
(611928, 0.000184, 0.001782, 8.3080973225777, 0.82083064, 0.0014627202061414718, [-0.23456386, 0.24856506, 0.93978465], 0.013334277, 0.0009863655)
(624209, 0.000125, 0.001563, 8.313015909147923, 0.7796754, 0.0012186326878666877, [nan, nan, nan], 0.02644875, 0.0002938632)
(653855, 0.000248, 0.002058, 8.305051980305507, 0.74169993, 0.0015264184641838071, [nan, nan, nan], 0.05375388, 0.00138471)
(707754, 0.000196, 0.000406, 8.306851313972535, 0.66456646, 0.00026981398165225985, [-0.9763344, -0.08647717, -0.19822392], 0.07020985, 0.0013699242)
(760451, 0.000247, 0.004285, 8.305662759510183, 0.815978, 0.0034964656898379323, [0.15540195, -0.65685064, 0.73783296], 0.03630043, 0.0022642708)
(1384754, 0.010991, 0.003464, 8.312475480410763, 0.46408176, 0.001607579231262207, [-0.6431526, 0.6667137, 0.3766265], 1.8592168, 0.01270911)
(119360, 0.000137, 0.001889, 8.323041044235293, 0.65591186, 0.0012390175089240073, [-0.76012254, 0.6379257, 0.12354991], 0.018562336, 0.0024351822)
(174327, 0.000184, 0.000135, 8.32470910231289, 0.10763181, 1.4530294351279736e-05, [nan, nan, nan], 0.11277267, 0.00092907564)
(281513, 0.001145, 0.000719, 8.318264965548016, 0.6845437, 0.0004921869410276414, [0.9939223, 0.06582966, -0.08823283], 0.3282891, 0.00097018713)
(337622, 0.000242, 0.001734, 8.321543121093603, 0.6914045, 0.0011988954402208328, [-0.3307359, 0.7425028, -0.5824974], 0.09678534, 0.0044295145)
(390540, 0.000113, 0.002619, 8.317849741672457, 0.788401, 0.0020648222390413284, [nan, nan, nan], 0.037045293, 0.0005517577)
(393176, 0.000213, 0.000751, 8.317731033326249, 0.4577299, 0.00034375515928864483, [nan, nan, nan], 0.24331784, 0.002780559)
(406604, 0.000246, 0.000886, 8.322689056252845, 0.84788465, 0.0007512258043289185, [0.27386466, -0.09914245, 0.95664465], 0.059008613, 0.00037343934)
(460645, 0.00025, 0.000321, 8.319123811337489, 0.705894, 0.00022659197187423707, [0.6584221, -0.71247315, -0.24261577], 0.12845866, 0.0006053898)
(467170, 0.000304, 0.000789, 8.321543121093603, 0.8387833, 0.000661800042450428, [0.33088908, -0.9347703, -0.12929396], 0.057097305, 0.00043345196)
(475538, 0.000206, 0.002654, 8.321631377381507, 0.7216357, 0.001915221145868301, [nan, nan, nan], 0.09027112, 0.005381002)
(483265, 0.000251, 0.001656, 8.319537819454546, 0.6270156, 0.001038337818145752, [nan, nan, nan], 0.06426727, 0.0051649297)
(509112, 0.000158, 0.000922, 8.321189916480245, 0.7883543, 0.0007268626439571379, [-0.9788506, -0.07660773, -0.18969135], 0.107637905, 0.0006336762)
(510433, 0.000206, 0.002766, 8.324913510544823, 0.6592899, 0.0018235958536863327, [0.9533195, 0.30137175, -0.01889359], 0.08898905, 0.0073815254)
(530294, 0.000118, 0.000407, 8.317790391555262, 0.6338191, 0.0002579643750190735, [-0.636559, 0.3888115, 0.66604674], 0.11037609, 0.00036836165)
(530369, 0.00016, 0.001051, 8.325001084629859, 0.84185314, 0.0008847876520156862, [nan, nan, nan], 0.07462759, 0.0010627996)
(530938, 0.000221, 0.000772, 8.318561311162997, 0.8554448, 0.0006604033770561218, [nan, nan, nan], 0.07396633, 0.0003779984)
(545206, 0.000266, 0.00136, 8.324241521909034, 0.7286022, 0.0009908989524841309, [-0.82379717, -0.404027, -0.3976434], 0.08740107, 0.0025022621)
(549536, 0.000237, 0.001149, 8.31716672514932, 0.69617474, 0.0007999047771692277, [-0.50391734, -0.0070430273, -0.8637231], 0.07064973, 0.0028643892)
(551262, 0.00036, 0.001162, 8.321189916480245, 0.45289, 0.0005262581900954247, [-0.08050279, -0.92845684, 0.36261153], 0.13743779, 0.004610245)
(552745, 0.000159, 0.001751, 8.31962648415564, 0.6549015, 0.0011467325344085694, [0.76389647, -0.21209005, 0.6094915], 0.055108625, 0.0040384624)
(555218, 0.000168, 0.00122, 8.317196443867086, 0.8124847, 0.0009912313115596771, [nan, nan, nan], 0.05430594, 0.001164809)
(594845, 0.000116, 0.001825, 8.32054162767742, 0.6806715, 0.0012422255113720894, [nan, nan, nan], 0.058882985, 0.004273457)
(615623, 0.000102, 0.001747, 8.317820067627698, 0.7209578, 0.001259513303935528, [nan, nan, nan], 0.08243534, 0.0025251694)
(635208, 0.000138, 0.001708, 8.317731033326249, 0.7897159, 0.0013488347334861756, [nan, nan, nan], 0.03142801, 0.002220402)
(636535, 0.000209, 0.002968, 8.31796841758026, 0.83756495, 0.0024858927574157716, [nan, nan, nan], 0.01875318, 0.0019876608)
(645621, 0.000173, 0.002567, 8.318116716875505, 0.83572245, 0.0021452995200157165, [0.8763051, -0.25022537, 0.4116755], 0.041760653, 0.001031091)
(677484, 0.000131, 0.001087, 8.32520535551374, 0.7423115, 0.0008068925762176513, [nan, nan, nan], 0.053659383, 0.001126607)
(680611, 0.000178, 0.000466, 8.321307683271531, 0.7063415, 0.0003291551413536072, [-0.8335875, -0.47027406, -0.28978294], 0.046460945, 0.00090744445)
(689054, 0.000165, 0.005676, 8.318531685699504, 0.7224684, 0.004100730503082275, [nan, nan, nan], 0.014599086, 0.0038235583)
(776333, 0.000125, 0.00272, 8.321189916480245, 0.7725394, 0.0021013071060180665, [nan, nan, nan], 0.021055529, 0.0027313062)
(237005, 0.000524, 0.000385, 8.329039440849755, 0.77403194, 0.0002980022957921028, [-0.15794621, -0.3909756, 0.9067475], 0.07284453, 0.0005539205)
(339125, 0.00027, 0.00027, 8.331087799396057, 0.5272962, 0.00014236997008323669, [0.94330275, 0.059076276, 0.32663396], 0.1821316, 0.00082160113)
(384915, 0.000142, 0.001236, 8.329848398341056, 0.6878707, 0.0008502081620693206, [-0.7299533, -0.31732804, 0.6053685], 0.017341817, 0.0019571965)
(438410, 0.000252, 0.000848, 8.334528000751837, 0.812174, 0.0006887235708236695, [-0.148513, -0.027239148, -0.9885353], 0.1516408, 0.0008106361)
(440588, 0.000344, 0.000764, 8.334756381474593, 0.41618794, 0.00031796758770942686, [-0.3775312, -0.85040945, 0.366434], 0.2200671, 0.0038083128)
(444228, 0.000249, 0.00032, 8.331921681863339, 0.5713777, 0.00018284086227416993, [-0.4624789, -0.6504288, 0.6025409], 0.18067324, 0.00057012745)
(459194, 0.000296, 0.001116, 8.330828682391642, 0.82341176, 0.0009189275271892549, [-0.97341746, -0.20492217, 0.10230087], 0.17111436, 0.0006900345)
(461087, 0.000196, 0.000156, 8.338309319267866, 0.6932428, 0.0001081458749771118, [nan, nan, nan], 0.040221885, 0.0004909074)
(472524, 0.000256, 0.000248, 8.330079252556143, 0.69982564, 0.00017355675983428957, [-0.13076203, -0.9246838, 0.3575768], 0.21356452, 0.0006398734)
(472769, 0.000103, 0.001123, 8.338111121176393, 0.7678525, 0.0008622983408570291, [nan, nan, nan], 0.06843003, 0.0006594024)
(537405, 0.000105, 0.000864, 8.330771079834108, 0.7589656, 0.0006557462882995605, [nan, nan, nan], 0.0492339, 0.0018291578)
(538281, 0.000192, 0.002287, 8.33612414949257, 0.7406425, 0.001693849370062351, [-0.574215, 0.2689346, -0.7732731], 0.0555097, 0.0034520377)
(551203, 0.000132, 0.003581, 8.333613274986117, 0.7892667, 0.0028263640724420546, [-0.2632611, -0.9554939, 0.1331349], 0.03541568, 0.0027386264)
(554719, 0.000221, 0.002363, 8.339101208357633, 0.81598854, 0.0019281809215545656, [-0.13969953, -0.11437856, 0.98356575], 0.025636366, 0.00085962604)
(557151, 0.000389, 0.001212, 8.336237935956023, 0.6988768, 0.0008470386793613434, [-0.7328529, -0.58262914, -0.35138324], 0.05693146, 0.0014253)
(567107, 0.0004, 0.002294, 8.329646300190603, 0.8034086, 0.001843019380569458, [-0.3315089, -0.8762237, 0.34976283], 0.087536454, 0.0017274787)
(607916, 0.000155, 0.001404, 8.335041688594238, 0.80816734, 0.0011346669430732728, [nan, nan, nan], 0.038566347, 0.0005296907)
(616020, 0.000174, 0.000938, 8.334870526815129, 0.8079539, 0.0007578607527017594, [nan, nan, nan], 0.057950936, 0.0011890023)
(655729, 0.000103, 0.001537, 8.33731742305761, 0.71280444, 0.0010955804191827773, [nan, nan, nan], 0.006535628, 0.0032936202)
(672524, 0.000143, 0.001686, 8.330136946941069, 0.6442984, 0.0010862870596647263, [-0.38476777, -0.28462395, -0.8780336], 0.06391496, 0.0043440172)
(682288, 0.000132, 0.001393, 8.33404229258685, 0.68195987, 0.0009499700953960417, [nan, nan, nan], 0.033546582, 0.0020734055)
(741026, 0.000283, 0.003476, 8.334927588237088, 0.7766793, 0.002699737168312073, [nan, nan, nan], 0.056295775, 0.0020941785)
(741206, 0.000137, 0.002404, 8.337884498259815, 0.7620059, 0.001831862244129181, [nan, nan, nan], 0.0053334897, 0.00047918427)
(1421390, 0.013766, 0.001373, 8.332524529837983, 0.6819763, 0.000936353485107422, [0.1726549, -0.019673675, 0.9847859], 2.3986456, 0.0004753812)
(119733, 0.000131, 0.003713, 8.34965274697608, 0.45899072, 0.0017042325541079045, [nan, nan, nan], 0.024157539, 0.00046894242)
(306446, 0.000358, 0.00159, 8.345969329424106, 0.820858, 0.001305164222717285, [-0.10022448, 0.99464405, 0.02526436], 0.09991335, 0.0010302912)
(396098, 0.000108, 0.001797, 8.3447996244564, 0.7806823, 0.001402886138677597, [nan, nan, nan], 0.019722685, 0.0019666005)
(403281, 0.000313, 0.000786, 8.346886178301414, 0.25046363, 0.00019686441689729692, [0.4785925, 0.77250564, 0.41735393], 0.3854747, 0.0051594535)
(421171, 0.000152, 0.000633, 8.350424238455023, 0.7165047, 0.00045354747068881995, [nan, nan, nan], 0.029045476, 0.0014374913)
(432673, 0.000273, 0.000961, 8.35061689737471, 0.8195721, 0.0007876087795495987, [-0.84636855, 0.5113466, -0.14894629], 0.036260866, 0.0004460779)
(445580, 0.000458, 0.001106, 8.347579474451175, 0.84543777, 0.0009350541682243347, [0.043187197, -0.9799261, -0.19462705], 0.09980726, 0.00095592707)
(456326, 0.000263, 0.001717, 8.346886178301414, 0.72983146, 0.0012531206119060516, [nan, nan, nan], 0.011361017, 0.0032160154)
(473231, 0.000213, 0.001015, 8.350479292582232, 0.4645131, 0.00047148078963160514, [nan, nan, nan], 0.0748069, 0.0045718546)
(475125, 0.000217, 0.001451, 8.350451766391007, 0.87865484, 0.0012749281693696978, [nan, nan, nan], 0.10499792, 0.0004106109)
(496651, 0.00011, 0.000459, 8.344436933511558, 0.7604044, 0.0003490256232619286, [nan, nan, nan], 0.030827515, 0.001097852)
(517170, 0.000121, 0.001386, 8.345997141180504, 0.50714165, 0.0007028983265161514, [nan, nan, nan], 0.076326504, 0.0056691617)
(523896, 0.00015, 0.003032, 8.343514893862437, 0.6062078, 0.0018380220131874083, [nan, nan, nan], 0.07436529, 0.008970608)
(555053, 0.000154, 9.8e-05, 8.347884174486056, 0.55614436, 5.4502146959304807e-05, [nan, nan, nan], 0.114283666, 0.0004447579)
(576635, 0.00014, 0.002855, 8.350561860689563, 0.8165918, 0.0023313695868849757, [nan, nan, nan], 0.041308973, 0.00095788727)
(579774, 0.000104, 0.000699, 8.350919474534932, 0.7583027, 0.0005300535793304442, [nan, nan, nan], 0.07833049, 0.00089981395)
(595534, 0.000113, 0.001999, 8.350506817028919, 0.5711501, 0.0011417290980219842, [nan, nan, nan], 0.045382965, 0.00070530945)
(631486, 0.000245, 0.002148, 8.34610837039917, 0.81958634, 0.001760471451044083, [0.81224465, -0.58167565, 0.043728407], 0.079302765, 0.0006205803)
(643583, 0.000234, 0.002195, 8.347108153507833, 0.76281744, 0.0016743842861056328, [nan, nan, nan], 0.042298086, 0.0037091263)
(700954, 0.000234, 0.001839, 8.349432068880933, 0.8090822, 0.0014879021843075752, [nan, nan, nan], 0.057172112, 0.0019564396)
(868949, 0.000203, 0.003622, 8.349128453291273, 0.6868685, 0.0024878376663923264, [0.12619671, 0.44654405, -0.88581765], 0.0082184505, 0.0006429499)
(247224, 0.000107, 0.001639, 8.36448170565905, 0.7928742, 0.0012995208417177202, [nan, nan, nan], 0.01357036, 0.0010198507)
(266770, 0.000115, 0.001335, 8.356520179260427, 0.8308502, 0.0011091849955916404, [nan, nan, nan], 0.027849717, 0.00051944744)
(287810, 0.000159, 0.004818, 8.356547323513812, 0.80643755, 0.003885416125416756, [nan, nan, nan], 0.073239885, 0.0018092606)
(341135, 0.000254, 0.002784, 8.36365470648787, 0.70806783, 0.001971260850906372, [nan, nan, nan], 0.13406298, 0.0063806707)
(352895, 0.000746, 0.00131, 8.361003049805463, 0.22675686, 0.00029705148115754127, [0.82220316, -0.56850344, -0.028032415], 0.43475857, 0.00785201)
(353364, 0.00028, 0.000998, 8.363761504590437, 0.60422397, 0.0006030155186653138, [-0.08048013, -0.65692806, -0.74964553], 0.068371415, 0.002975153)
(385896, 0.000129, 0.002242, 8.357604628246161, 0.5637415, 0.0012639084545373919, [nan, nan, nan], 0.13442372, 0.0069951247)
(388294, 0.00031, 0.002929, 8.357252479262904, 0.7281246, 0.0021326770076751708, [nan, nan, nan], 0.20259692, 0.0043737143)
(391530, 0.000158, 0.001875, 8.360384683830825, 0.6603144, 0.0012380894646048543, [nan, nan, nan], 0.16649678, 0.005009235)
(408572, 0.000413, 0.000865, 8.363788200013005, 0.81579465, 0.0007056623694300651, [-0.32574886, -0.50736064, -0.7977925], 0.10545907, 0.0005767071)
(409470, 0.000397, 0.000835, 8.362558509042024, 0.6981536, 0.0005829582685232162, [-0.6055974, -0.48637995, -0.6298305], 0.0640481, 0.00036904332)
(409781, 0.00032, 0.000793, 8.359334133788751, 0.5236239, 0.0004152337397933006, [0.41407067, -0.9100465, 0.018993637], 0.22266105, 0.0031136756)
(419887, 0.000244, 0.001126, 8.354370404259537, 0.8324869, 0.0009373802803754808, [-0.059349786, 0.027088473, -0.9978696], 0.44735813, 0.0005697805)
(442503, 0.000199, 0.00105, 8.362986622668611, 0.74053645, 0.0007775632739067077, [nan, nan, nan], 0.048422597, 0.0010663404)
(457152, 0.000143, 0.000942, 8.358578322454148, 0.7720417, 0.0007272632610797882, [nan, nan, nan], 0.055719815, 0.0008840247)
(458436, 0.000198, 0.000947, 8.36019631059781, 0.6191799, 0.000586363369524479, [nan, nan, nan], 0.05386939, 0.003052664)
(475842, 0.000134, 0.002902, 8.363628002858144, 0.8098603, 0.0023502145589590073, [nan, nan, nan], 0.04243591, 0.0024385797)
(524367, 0.000167, 0.002555, 8.35516079890333, 0.7296669, 0.0018642989006638527, [nan, nan, nan], 0.06831472, 0.0052142767)
(527886, 0.000134, 0.003458, 8.35486116334712, 0.74782604, 0.0025859824455976483, [0.74236184, 0.27109677, -0.61270344], 0.023892324, 0.0005838355)
(529462, 0.000327, 0.002496, 8.357902377598778, 0.6795068, 0.0016960489196777343, [-0.09256597, 0.7316018, 0.6754187], 0.05420001, 0.004522347)
(539594, 0.000112, 0.001339, 8.356547323513812, 0.79748356, 0.0010678304914236068, [nan, nan, nan], 0.069445536, 0.0016821192)
(569160, 0.000101, 0.000859, 8.355215255891729, 0.8468065, 0.0007274068059921264, [-0.42370155, 0.115611985, -0.8983935], 0.014795434, 0.00044462152)
(579298, 0.000228, 0.002188, 8.358848406095877, 0.75383514, 0.0016493912899494172, [nan, nan, nan], 0.047252238, 0.0040274523)
(579686, 0.000101, 0.001056, 8.360519186133583, 0.7657847, 0.0008086686229705812, [nan, nan, nan], 0.01744667, 0.0011013041)
(584278, 0.000269, 0.001584, 8.35548743845385, 0.6217698, 0.0009848833408355711, [0.98039496, -0.07990885, 0.18011224], 0.0672445, 0.0050780904)
(603783, 0.000177, 0.002257, 8.359307163164187, 0.8042115, 0.001815105349421501, [nan, nan, nan], 0.036236506, 0.0011586007)
(627049, 0.000106, 0.000531, 8.358389163917522, 0.61874807, 0.00032855522453784943, [nan, nan, nan], 0.034488063, 0.0017454509)
(628107, 0.000375, 0.001713, 8.361835108954264, 0.7946256, 0.0013611936190724373, [0.6746778, 0.6333999, 0.37896496], 0.11507561, 0.0005084508)
(672592, 0.000113, 0.001275, 8.35486116334712, 0.7324569, 0.0009338825762271881, [0.9947231, 0.102510355, -0.0042035286], 0.061082203, 0.0004933692)
(714337, 0.00017, 0.000404, 8.356683019338039, 0.5836528, 0.00023579572892189028, [nan, nan, nan], 0.03072074, 0.0007449751)
(781306, 0.000105, 0.002729, 8.358199922956308, 0.7265157, 0.0019826613735556605, [nan, nan, nan], 0.0040003182, 0.00047362095)
(854084, 0.000114, 0.00185, 8.358524285564455, 0.75838846, 0.0014030186504125598, [nan, nan, nan], 0.005845205, 0.00053705485)
(15783, 0.000614, 0.000457, 8.369963923637025, 0.2797543, 0.00012784772005677223, [0.2429015, 0.719165, 0.6509996], 0.5601311, 0.00165362)
(183189, 0.000115, 0.001006, 8.371277818515566, 0.7259612, 0.0007303169755935669, [nan, nan, nan], 0.13809748, 0.002183156)
(309621, 0.000568, 0.000198, 8.373554562600326, 0.53470856, 0.00010587229478359224, [0.48152825, -0.44749337, -0.75357825], 0.43735945, 0.00070283207)
(354615, 0.000283, 0.004062, 8.374883677537134, 0.79492635, 0.0032289908148050305, [0.90755963, -0.32627043, -0.26435417], 0.053377558, 0.0017168254)
(369269, 0.00021, 0.000888, 8.37067392052619, 0.66596705, 0.0005913787379264832, [-0.5504165, 0.68836325, -0.4724379], 0.12377601, 0.00095936144)
(375414, 0.000147, 0.001712, 8.367482988218198, 0.52035415, 0.0008908463077545166, [0.85981405, -0.42392826, -0.28461316], 0.06332107, 0.0006592794)
(393527, 0.000249, 0.00171, 8.370148108388706, 0.7312719, 0.0012504749876260759, [0.88260865, -0.0019866484, -0.47010434], 0.18610257, 0.00316246)
(423237, 0.000154, 0.000463, 8.369621658864393, 0.7341536, 0.0003399131299257278, [nan, nan, nan], 0.18714409, 0.00024121573)
(444028, 0.000134, 0.000154, 8.37256159042814, 0.7427052, 0.00011437660479545592, [nan, nan, nan], 0.2139358, 0.0003767904)
(464591, 0.00011, 0.001908, 8.371697426743284, 0.7430962, 0.0014178274977207183, [nan, nan, nan], 0.04745468, 0.00073172955)
(494510, 0.000229, 0.003892, 8.369041826359165, 0.725245, 0.0028226535358428957, [-0.44604412, -0.64001834, -0.6256366], 0.11711528, 0.005903644)
(499676, 0.000198, 0.001287, 8.369279124142269, 0.79243356, 0.001019861991584301, [nan, nan, nan], 0.07048524, 0.0008351239)
(507021, 0.000131, 0.001362, 8.369463599485515, 0.5696932, 0.0007759221489429475, [-0.6349715, 0.5630266, -0.52897274], 0.07740026, 0.0050475947)
(511580, 0.00019, 0.00017, 8.374441091029247, 0.6865507, 0.00011671361505985261, [0.36583346, -0.90825367, -0.20307885], 0.06410472, 0.00059706863)
(544459, 0.000279, 0.001673, 8.369963923637025, 0.6517036, 0.001090300116300583, [0.6033029, -0.7907554, -0.10359251], 0.06555188, 0.0051321164)
(554024, 0.00034, 0.003088, 8.373971977885084, 0.81071526, 0.002503488717079163, [0.6921441, 0.68116564, 0.23864211], 0.07809537, 0.002275372)
(572565, 0.000377, 0.002122, 8.372718526523043, 0.6707473, 0.001423325728416443, [-0.44464427, -0.3978216, -0.80251443], 0.11340178, 0.0029109812)
(580891, 0.000311, 0.001249, 8.371225338969625, 0.70401686, 0.0008793170635104179, [nan, nan, nan], 0.11010621, 0.0020624385)
(590723, 0.000221, 0.001027, 8.374597349539654, 0.776829, 0.0007978033874034881, [-0.688821, -0.66459906, -0.2895406], 0.07275532, 0.0004320314)
(639403, 0.000114, 0.002307, 8.370700194429336, 0.44120458, 0.0010178589607179164, [nan, nan, nan], 0.051597204, 0.009515683)
(683759, 0.000176, 0.00139, 8.371382758586611, 0.81013393, 0.0011260861682891846, [nan, nan, nan], 0.05636199, 0.0012793808)
(689727, 0.000105, 0.004169, 8.373032228684568, 0.7779517, 0.0032432807097434995, [nan, nan, nan], 0.02541883, 0.0017359114)
(734137, 0.000104, 0.002701, 8.369200039286927, 0.74041975, 0.001999873732447624, [nan, nan, nan], 0.021607196, 0.00036600267)
(735332, 0.000154, 0.003584, 8.370568809015566, 0.7867162, 0.0028195909423828127, [0.06741525, 0.50575197, 0.86004084], 0.026608504, 0.00436327)
(378072, 0.000135, 0.001377, 8.381417651698612, 0.826075, 0.0011375052990317345, [nan, nan, nan], 0.0120984875, 0.00042347933)
(395823, 0.000293, 0.000685, 8.379027246065245, 0.6491935, 0.00044469756484031675, [0.7483695, 0.44537744, -0.49151003], 0.15919137, 0.002125401)
(400543, 0.00023, 0.000799, 8.380339742609635, 0.66688675, 0.0005328425107598305, [0.7965642, 0.47527906, -0.37362427], 0.24954565, 0.0018880903)
(420541, 0.000292, 0.001685, 8.382057996366393, 0.20511992, 0.0003456270698457957, [-0.7203201, -0.05840102, 0.6911789], 0.2493646, 0.008654959)
(424968, 0.000368, 0.001292, 8.38519481503423, 0.7748886, 0.0010011560389995575, [-0.8801245, 0.060280513, 0.47090024], 0.09008068, 0.0018263201)
(432366, 0.000231, 0.001843, 8.384533633472545, 0.7341894, 0.0013531110478639601, [-0.13833883, 0.22980583, 0.9633544], 0.023121111, 0.0007853668)
(432388, 0.000358, 0.001245, 8.383743983767388, 0.73756766, 0.0009182717406749725, [nan, nan, nan], 0.10205775, 0.0028445788)
(438183, 0.000119, 0.000632, 8.38450818329926, 0.71670246, 0.00045295595550537106, [nan, nan, nan], 0.026835551, 0.0010959241)
(461943, 0.000124, 0.000814, 8.377995054297358, 0.67647684, 0.0005506521446704865, [-0.7114069, 0.26161885, 0.6522697], 0.06827609, 0.0022374927)
(471511, 0.000166, 0.001427, 8.38351446144271, 0.7175691, 0.0010239711239337923, [0.65171903, 0.017132318, -0.7582669], 0.048233308, 0.002213782)
(474793, 0.000169, 0.002653, 8.381084298966822, 0.76043063, 0.0020174224720597264, [0.50308406, -0.5543942, -0.6629883], 0.10024283, 0.004727846)
(490320, 0.000131, 0.002698, 8.381263828385821, 0.80169004, 0.002162959733366966, [nan, nan, nan], 0.16838393, 0.0022033597)
(495012, 0.00018, 0.000938, 8.382620719726933, 0.6919175, 0.0006490185953378677, [nan, nan, nan], 0.06253295, 0.0015310457)
(511017, 0.000336, 0.002955, 8.381827581037669, 0.8053462, 0.002379797994196415, [-0.82776165, 0.35125324, -0.43752933], 0.08007322, 0.001132912)
(531758, 0.000179, 0.000406, 8.380262646633476, 0.7611732, 0.00030903631460666656, [-0.5004284, 0.303683, -0.8107701], 0.063966915, 0.000417109)
(532526, 0.000213, 0.003126, 8.38305505256852, 0.70919615, 0.0022169471658468245, [0.2237664, -0.13891634, -0.96469206], 0.056463484, 0.006776093)
(574337, 0.000137, 0.00127, 8.378717846041305, 0.70592237, 0.0008965214037895203, [nan, nan, nan], 0.17535797, 0.00046236842)
(639359, 0.000101, 0.001735, 8.378434035587068, 0.8080423, 0.0014019533693790435, [nan, nan, nan], 0.026951032, 0.0014541997)
(683439, 0.000111, 0.001755, 8.379181863457932, 0.805756, 0.0014141017323732379, [nan, nan, nan], 0.031130668, 0.0010882657)
(703308, 0.000106, 0.003213, 8.382544027644107, 0.6718283, 0.0021585844228863716, [nan, nan, nan], 0.020120364, 0.0037857483)
(719512, 0.000118, 0.002667, 8.380134122918559, 0.7901377, 0.0021072972677350045, [nan, nan, nan], 0.01436626, 0.0015281027)
(728294, 0.000484, 0.001813, 8.378949916721437, 0.8197689, 0.0014862410259246827, [-0.7834837, -0.3890271, -0.48457325], 0.07460731, 0.0014500582)
(740551, 0.000164, 0.00459, 8.385372653603115, 0.79320204, 0.0036407973754405978, [nan, nan, nan], 0.024308324, 0.0024151867)
(778137, 0.000175, 0.002989, 8.378537260849162, 0.7500553, 0.0022419153308868406, [nan, nan, nan], 0.017478913, 0.0034275232)
(799421, 0.000111, 0.002661, 8.379825510731543, 0.7363651, 0.0019594674775600435, [nan, nan, nan], 0.004990597, 0.00090956135)
(882815, 0.000325, 0.004808, 8.38382046426101, 0.72363615, 0.003479242610931396, [-0.50191426, 0.8382161, 0.21325062], 0.025017116, 0.0008966986)
(56277, 0.012364, 0.004856, 8.388435266890008, 0.13180344, 0.0006400374952554703, [0.8916393, 0.43102968, -0.13853821], 2.452105, 0.035109058)
(59864, 0.000186, 0.000872, 8.392252161146155, 0.07709172, 6.72239830493927e-05, [0.40812185, -0.8581852, 0.31137565], 0.089358, 0.008085739)
(188067, 0.000219, 0.000994, 8.396110148215081, 0.6415012, 0.0006376521811485291, [nan, nan, nan], 0.018900195, 0.0024249512)
(313990, 0.000402, 0.001379, 8.388283909610863, 0.70668745, 0.0009745219941139222, [0.7701931, -0.28266552, 0.5717543], 0.31961128, 0.00076803594)
(332992, 0.000488, 0.00057, 8.39227716154808, 0.7904703, 0.0004505680721998214, [-0.095030464, -0.23226812, 0.96799827], 0.19330843, 0.00025129088)
(354619, 0.0003, 0.001947, 8.388889022484703, 0.7431748, 0.0014469613187313077, [0.5956602, 0.64395434, 0.48011637], 0.2099686, 0.0028376936)
(366448, 0.00039, 0.000595, 8.39042323362974, 0.73812085, 0.0004391819080710411, [-0.45953673, -0.45448878, -0.7630635], 0.18792558, 0.0008480857)
(384195, 0.000363, 0.002526, 8.393924014185398, 0.6522046, 0.0016474687517881391, [-0.7919089, 0.56043637, -0.24246903], 0.21955226, 0.0034294063)
(411788, 0.000284, 0.000181, 8.388435266890008, 0.74558485, 0.00013495085704326633, [nan, nan, nan], 0.16365117, 0.00035069173)
(417531, 0.000167, 0.003019, 8.390347907208268, 0.7441913, 0.0022467135013341903, [nan, nan, nan], 0.037551068, 0.00037687522)
(426179, 0.000281, 0.005242, 8.39364997205378, 0.72557306, 0.0038034539957046507, [nan, nan, nan], 0.049543746, 0.00049088744)
(474825, 0.000117, 0.000237, 8.396679714830361, 0.6637905, 0.0001573183541893959, [nan, nan, nan], 0.19929498, 0.0006243131)
(484762, 0.000569, 0.00026, 8.397520316959168, 0.756533, 0.00019669858694076537, [-0.082060024, 0.92750406, 0.36469513], 0.29227728, 0.00040681247)
(490769, 0.000185, 0.000317, 8.389367472952376, 0.6842295, 0.00021690074932575226, [nan, nan, nan], 0.03881287, 0.0007821312)
(501913, 0.000207, 0.001067, 8.397619104444816, 0.7328758, 0.0007819785041809083, [0.59268785, 0.66659385, -0.4520772], 0.1561321, 0.0010082112)
(502573, 0.000138, 0.003615, 8.393500421610874, 0.8204201, 0.0029658186122775076, [-0.9946937, 0.09430273, -0.04112864], 0.055524196, 0.0017787688)
(503755, 0.000201, 0.001476, 8.396679714830361, 0.67273456, 0.0009929562084674836, [nan, nan, nan], 0.07497128, 0.004018442)
(506780, 0.000135, 0.001086, 8.396308343076207, 0.76191324, 0.0008274377785921097, [nan, nan, nan], 0.010271252, 0.0018849424)
(513688, 0.00042, 0.001305, 8.397865974893655, 0.4337955, 0.000566103142797947, [-0.9744742, -0.20379892, 0.094159566], 0.13339302, 0.005853994)
(515019, 0.000471, 0.000255, 8.394968769156272, 0.53826356, 0.00013725720763206484, [-0.5152712, 0.85520303, -0.055887315], 0.114718944, 0.0011616612)
(554879, 0.000283, 0.001665, 8.392452124076607, 0.64136636, 0.0010678749936819075, [nan, nan, nan], 0.102489874, 0.005521516)
(557472, 0.000284, 0.002503, 8.391401290043934, 0.7178984, 0.0017968997663855553, [-0.3339808, 0.49986696, 0.79911816], 0.12847362, 0.0037994988)
(565910, 0.00039, 0.001769, 8.39771786946472, 0.80487263, 0.0014238196860551834, [0.71717453, -0.537227, -0.44390073], 0.07754438, 0.0012781394)
(567415, 0.000134, 0.002191, 8.390849836743367, 0.79148227, 0.0017341376530528067, [0.8368139, 0.3595802, -0.41284925], 0.031686388, 0.003217168)
(572784, 0.000139, 0.00303, 8.389895674107457, 0.81114846, 0.0024577798479795457, [nan, nan, nan], 0.02076868, 0.0010187466)
(584384, 0.000399, 0.002922, 8.393749643746661, 0.7627212, 0.0022286712906360627, [-0.3308571, 0.54748017, -0.76863456], 0.05958987, 0.0024928527)
(591936, 0.000223, 0.002778, 8.39670446165973, 0.822415, 0.0022846688539981844, [0.4937965, 0.32878476, 0.80502516], 0.032547135, 0.00031681336)
(605346, 0.000254, 0.003629, 8.396729207079066, 0.7993126, 0.0029007053947448726, [-0.4451356, 0.89108956, 0.088394985], 0.086342394, 0.0004947005)
(620302, 0.000156, 0.003329, 8.397791928492651, 0.7735932, 0.002575291720628738, [nan, nan, nan], 0.06422294, 0.0041187564)
(627572, 0.000144, 0.002558, 8.389266790331803, 0.7377302, 0.001887113864541054, [0.6931423, 0.48248315, -0.5355033], 0.0796783, 0.0036910735)
(627801, 0.000171, 0.001778, 8.392477112970536, 0.6940003, 0.0012339325400590898, [0.5584442, -0.79490495, -0.23720501], 0.03525082, 0.0040813712)
(643400, 0.000367, 0.000998, 8.388914217233479, 0.32719976, 0.0003265453575849533, [0.20282048, 0.5946378, 0.7779908], 0.05823677, 0.0055033676)
(656038, 0.000176, 0.003163, 8.394172993428532, 0.77234846, 0.002442938190162182, [0.8190155, 0.0019049027, -0.57376814], 0.032228507, 0.0018495859)
(657378, 0.000101, 0.001074, 8.395192318609984, 0.78752464, 0.0008458014639616013, [nan, nan, nan], 0.011177283, 0.00065151416)
(657463, 0.000133, 0.004742, 8.388460487975523, 0.76276577, 0.00361703525853157, [nan, nan, nan], 0.015724622, 0.0035784717)
(676526, 0.000238, 0.003186, 8.396283573664393, 0.74264735, 0.0023660744565725325, [-0.7292208, 0.6783981, -0.08951565], 0.022439573, 0.00210084)
(697046, 0.000218, 0.00258, 8.391676754334613, 0.77998245, 0.0020123547148704524, [nan, nan, nan], 0.046370905, 0.0011518026)
(772364, 0.000216, 0.002251, 8.394396952770961, 0.81274825, 0.0018294963182806968, [-0.7361215, 0.3000957, -0.6066859], 0.029225685, 0.0011072847)
(853946, 0.000202, 0.001419, 8.395316463047243, 0.74514663, 0.0010573630710840225, [nan, nan, nan], 0.051248934, 0.000369491)
(139640, 0.000179, 0.003701, 8.407434362649644, 0.48513922, 0.0017955002567470071, [nan, nan, nan], 0.10460221, 0.008265284)
(226518, 0.000198, 0.005192, 8.40125853366585, 0.7729475, 0.004013143369197845, [nan, nan, nan], 0.050609022, 0.0043076244)
(368008, 0.000494, 0.000655, 8.405377410042163, 0.60150445, 0.00039398541152477266, [-0.6963209, -0.15452607, -0.70089865], 0.23131296, 0.0020798715)
(396190, 0.000269, 0.00053, 8.407555057001058, 0.73413074, 0.00038908929228782655, [0.23761961, 0.51125175, 0.8259289], 0.07679392, 0.0008676556)
(411113, 0.000184, 0.002651, 8.40345687938179, 0.7378738, 0.0019561034243106845, [-0.3363837, -0.064985104, -0.9394801], 0.06433731, 0.0029746857)
(413505, 0.000108, 0.001535, 8.406661123508034, 0.6098079, 0.0009360551396012305, [-0.090668105, 0.98056686, 0.173977], 0.60149324, 0.004286607)
(418404, 0.000334, 0.000891, 8.407192873274035, 0.8361837, 0.0007450397005677223, [0.53607935, 0.7252505, -0.43200767], 0.07525986, 0.0006794438)
(421238, 0.000141, 0.001715, 8.401087083906223, 0.8581949, 0.001471804232299328, [nan, nan, nan], 0.10190314, 0.00077848794)
(440940, 0.000417, 0.000185, 8.402774141298714, 0.66264087, 0.0001225885608792305, [0.9097706, 0.089312814, 0.4053897], 0.19057646, 0.0005958162)
(446318, 0.00054, 0.00189, 8.404308795410415, 0.6743233, 0.0012744710755348205, [0.4807008, 0.17346752, 0.85955554], 0.09639674, 0.0039933533)
(448588, 0.000112, 0.002254, 8.402798543292366, 0.795991, 0.0017941637219190598, [nan, nan, nan], 0.0423482, 0.00034754042)
(451048, 0.000654, 0.00231, 8.40661275031998, 0.8125281, 0.001876939850449562, [-0.6877307, 0.03004513, -0.7253439], 0.1457132, 0.0028536965)
(452017, 0.000247, 0.003372, 8.401087083906223, 0.6388711, 0.0021542732605934144, [-0.48061526, -0.09138225, -0.8721573], 0.15509982, 0.0100314375)
(454683, 0.000159, 0.002136, 8.401038085826192, 0.7969686, 0.001702324885368347, [nan, nan, nan], 0.028900517, 0.0021883924)
(456304, 0.000227, 0.000904, 8.404916285342876, 0.60636973, 0.000548158239364624, [-0.036887683, -0.53051126, 0.84687495], 0.0870136, 0.0032027771)
(465507, 0.000151, 0.001282, 8.40152781804081, 0.7306073, 0.000936638521671295, [nan, nan, nan], 0.038958013, 0.001242854)
(490389, 0.000501, 0.001428, 8.402871741047854, 0.7601077, 0.0010854337899684906, [0.35294548, 0.6719971, -0.6510372], 0.087072544, 0.0022941742)
(512250, 0.000228, 0.001251, 8.40265211075985, 0.8098347, 0.001013103233098984, [nan, nan, nan], 0.057874907, 0.0006077886)
(520317, 0.000476, 0.000944, 8.401209554926437, 0.8227121, 0.0007766402444839477, [nan, nan, nan], 0.0930144, 0.00040279925)
(534472, 0.000142, 0.004024, 8.403676103163733, 0.77679676, 0.0031258301548957824, [nan, nan, nan], 0.025137918, 0.0005923483)
(552452, 0.000112, 0.001747, 8.401160570662693, 0.81035036, 0.0014156820762753488, [nan, nan, nan], 0.041392356, 0.0016557614)
(571587, 0.00018, 0.003947, 8.402725333197752, 0.67320585, 0.002657143499851227, [0.28046402, 0.911134, 0.30195174], 0.036599956, 0.0075165727)
(605031, 0.000101, 0.001787, 8.40187030230047, 0.74287343, 0.0013275148198604583, [nan, nan, nan], 0.0076730605, 0.0006850488)
(619208, 0.00021, 0.002205, 8.403968229507866, 0.7888481, 0.0017394100651144983, [0.15842932, 0.9857007, -0.057394832], 0.04326857, 0.00062924746)
(653073, 0.000105, 0.002889, 8.407313634746854, 0.7246372, 0.002093476900756359, [nan, nan, nan], 0.015109647, 0.0036701378)
(655588, 0.000114, 0.002389, 8.406104506280812, 0.72767293, 0.0017384106405973433, [nan, nan, nan], 0.03240078, 0.0031052807)
(690286, 0.000295, 0.002044, 8.402139207732548, 0.70931, 0.0014498296301364896, [nan, nan, nan], 0.038387176, 0.0034387119)
(699353, 0.000286, 0.002639, 8.405668394630538, 0.67949593, 0.001793189761042595, [0.84492093, -0.05029023, -0.53252184], 0.045112625, 0.003398148)
(702047, 0.000108, 0.002676, 8.402236950259692, 0.8311901, 0.0022242647323608396, [nan, nan, nan], 0.0143044125, 0.0027604452)
(706152, 0.000271, 0.000746, 8.402163645426722, 0.79785806, 0.0005952021123170853, [nan, nan, nan], 0.046602514, 0.0010809626)
(713951, 0.000184, 0.002149, 8.401992552683234, 0.75942945, 0.00163201389837265, [nan, nan, nan], 0.010962979, 0.0018112569)
(737750, 0.000197, 0.005729, 8.403578684033242, 0.7723652, 0.004424880302071571, [-0.29308927, 0.22973448, 0.92807364], 0.019360615, 0.0007833796)
(221596, 0.000143, 0.00141, 8.415044522396462, 0.7508354, 0.0010586779403686524, [nan, nan, nan], 0.0348755, 0.0013900122)
(231623, 0.000244, 0.001108, 8.410249856892364, 0.7793528, 0.0008635228848457337, [-0.44582298, 0.7655661, 0.46384302], 0.23282965, 0.0008188486)
(247921, 0.000199, 0.00241, 8.41917630676609, 0.3170799, 0.0007641625630855559, [0.11402042, 0.9878712, 0.10540255], 0.03170336, 0.008373952)
(283756, 0.000214, 0.000531, 8.416796475909504, 0.7333706, 0.00038941978973150253, [0.6327473, 0.68472254, 0.36164334], 0.24797073, 0.00054783624)
(288199, 0.000166, 0.000697, 8.41955211596804, 0.66238105, 0.00046167959392070775, [nan, nan, nan], 0.045722622, 0.002246032)
(340404, 0.000157, 0.000865, 8.412904199185311, 0.7833451, 0.0006775935143232345, [-0.8505266, -0.27476186, 0.44845355], 0.21219105, 0.000982705)
(374030, 0.000305, 0.001739, 8.416229048774198, 0.77873355, 0.0013542176460623742, [-0.41337362, 0.7137754, -0.5653733], 0.12129673, 0.0014930302)
(374873, 0.000256, 0.001865, 8.418046924011772, 0.80220807, 0.001496118043065071, [0.5281312, -0.7583165, 0.38214344], 0.041153196, 0.001505092)
(377947, 0.000158, 0.000514, 8.415091965534144, 0.28913483, 0.00014861530274152757, [0.75067794, 0.65755296, 0.06408318], 0.09155286, 0.0022820493)
(415040, 0.000156, 0.002133, 8.411567099278907, 0.63643456, 0.0013575149059295655, [nan, nan, nan], 0.06222367, 0.0046363594)
(425975, 0.000535, 0.002949, 8.41901178792475, 0.52949136, 0.0015614700352549553, [nan, nan, nan], 0.12328562, 0.00981722)
(451988, 0.000401, 0.0001, 8.411016738419349, 0.018671514, 1.8671514466404915e-06, [-0.05080846, 0.48236817, -0.87449384], 0.20902608, 0.0008208897)
(457379, 0.000275, 0.004158, 8.410129909234545, 0.7745965, 0.00322077229821682, [0.671866, 0.45935783, 0.5810219], 0.0720401, 0.0019252148)
(475813, 0.000121, 0.001947, 8.416796475909504, 0.57911384, 0.0011275346485376356, [nan, nan, nan], 0.1561198, 0.006957893)
(487869, 0.000675, 0.000624, 8.419481676509301, 0.3801, 0.00023718240737915039, [0.5858439, -0.76457864, -0.26871276], 0.26333845, 0.0032886886)
(490504, 0.000278, 0.001266, 8.41483096411667, 0.78565496, 0.00099463918197155, [-0.9579672, 0.08634529, 0.273575], 0.05614342, 0.00037850722)
(497728, 0.000333, 0.001681, 8.41551872070956, 0.77539206, 0.0013034340453147888, [-0.17622922, -0.96949434, -0.17036429], 0.10588133, 0.0011872302)
(508228, 0.000435, 0.00343, 8.417599064048819, 0.8098043, 0.0027776288187503816, [0.39369872, 0.617396, 0.68104583], 0.07531389, 0.0020682488)
(509811, 0.000115, 0.004398, 8.412045107672222, 0.76847684, 0.0033797611591815948, [nan, nan, nan], 0.024531033, 0.0016326626)
(515040, 0.000103, 0.003978, 8.412236163812517, 0.799899, 0.0031819981505870816, [nan, nan, nan], 0.042767055, 0.00035772266)
(522680, 0.000372, 0.002155, 8.417221560265043, 0.649493, 0.0013996573698520658, [0.81224287, 0.18574977, 0.55295444], 0.1699164, 0.0057745283)
(522689, 0.000285, 0.001526, 8.41070535610092, 0.72630286, 0.0011083381676673888, [-0.003709988, 0.060562577, 0.9981575], 0.040051393, 0.0032596816)
(525538, 0.000103, 0.001686, 8.410177892273143, 0.7721711, 0.001301880441069603, [nan, nan, nan], 0.023965096, 0.002389474)
(527460, 0.000178, 0.003036, 8.41261802412785, 0.66576046, 0.0020212487490177157, [0.12797143, 0.3176875, 0.93952006], 0.052644294, 0.0063099945)
(529543, 0.000224, 0.001666, 8.412594167692243, 0.7608788, 0.0012676240830421447, [0.32111415, 0.0074412622, 0.9470113], 0.042660154, 0.002218412)
(533031, 0.000517, 0.001834, 8.41304721603026, 0.80750453, 0.0014809633166790006, [-0.58750343, -0.36072344, -0.7243744], 0.118379734, 0.0015719278)
(541740, 0.000105, 0.0026, 8.41096884797635, 0.7797146, 0.0020272579193115234, [nan, nan, nan], 0.025225356, 0.00037048574)
(568030, 0.000112, 0.002354, 8.41580299136733, 0.73256564, 0.001724459519863129, [nan, nan, nan], 0.013318155, 0.0043065045)
(568904, 0.000285, 0.001392, 8.417976239978213, 0.69249815, 0.0009639574213027956, [0.6472698, -0.12250904, 0.752352], 0.052644815, 0.0026037958)
(594968, 0.000385, 0.001171, 8.415115685159584, 0.7588195, 0.0008885776584744453, [0.22153527, 0.46995422, 0.8544385], 0.15081905, 0.0012449012)
(604969, 0.000107, 0.001603, 8.418753132333526, 0.74359745, 0.0011919867089390753, [nan, nan, nan], 0.09147451, 0.0021418778)
(612195, 0.000159, 0.001064, 8.417646228957848, 0.5971608, 0.0006353791084289551, [nan, nan, nan], 0.07679404, 0.0039716763)
(613613, 0.000274, 0.002406, 8.410369771431023, 0.79808164, 0.0019201844172477725, [0.83392775, -0.49527317, 0.24345209], 0.028596532, 0.0017591727)
(614420, 0.000119, 0.001587, 8.418659037547782, 0.79896754, 0.001267961486399174, [nan, nan, nan], 0.04626091, 0.0004476201)
(650991, 0.000216, 0.00327, 8.419058799667805, 0.6776067, 0.002215773915052414, [nan, nan, nan], 0.0687363, 0.008519589)
(695413, 0.000126, 0.002777, 8.415684567871955, 0.7767041, 0.0021569072105884555, [nan, nan, nan], 0.011254038, 0.004266514)
(700857, 0.000104, 0.003983, 8.412379400780143, 0.74546564, 0.002969189629197121, [nan, nan, nan], 0.01654608, 0.00078970206)
(711990, 0.000203, 0.002956, 8.411280041500191, 0.7536446, 0.002227773395061493, [nan, nan, nan], 0.013616931, 0.0047863675)
(216518, 0.00036, 0.000367, 8.426654486903658, 0.6634432, 0.00024348365724086756, [-0.85324514, 0.46085113, 0.24410832], 0.23932056, 0.0012736332)
(256068, 0.000115, 0.000884, 8.422756737947747, 0.76401836, 0.0006753922274112702, [nan, nan, nan], 0.030877182, 0.0014838357)
(322464, 0.000137, 0.001887, 8.426076675581493, 0.7940026, 0.0014982828921675682, [0.4652875, -0.84882003, -0.251022], 0.065220326, 0.0007510164)
(390983, 0.000272, 0.000302, 8.423129462945706, 0.6045263, 0.0001825669369697571, [nan, nan, nan], 0.06862098, 0.0011230443)
(393953, 0.000238, 0.000428, 8.425266446042013, 0.78544456, 0.00033617027068138123, [0.2124535, 0.082594275, 0.97367436], 0.19119672, 0.00037245324)
(416767, 0.00019, 0.000421, 8.423990166290194, 0.6425728, 0.0002705231572985649, [0.4036909, -0.77071947, 0.4929757], 0.17024429, 0.00072726)
(419558, 0.000487, 0.000761, 8.428521332617105, 0.3950671, 0.0003006460598707199, [-0.5982083, 0.06702889, -0.7985323], 0.16832362, 0.0033956857)
(424302, 0.000377, 0.001237, 8.426793047305313, 0.6214176, 0.000768693548977375, [-0.22254409, -0.3017587, 0.9270468], 0.10541638, 0.0038176333)
(442147, 0.000287, 0.001165, 8.423036311681066, 0.8168726, 0.0009516565752029419, [-0.18390569, 0.28741947, 0.93998337], 0.09641704, 0.0013419483)
(462605, 0.000153, 0.000407, 8.422780042634072, 0.10730507, 4.367316440492868e-05, [nan, nan, nan], 0.043511253, 0.0027402528)
(475451, 0.000143, 0.000995, 8.425961021009186, 0.53236943, 0.000529707587659359, [nan, nan, nan], 0.07098199, 0.0039959215)
(498725, 0.000182, 0.004523, 8.426908480546803, 0.82033575, 0.0037103785783052447, [nan, nan, nan], 0.042877562, 0.0023237485)
(504976, 0.000238, 0.002558, 8.423525133071006, 0.8308349, 0.002125275738596916, [0.7392182, 0.65672576, -0.14922382], 0.051573116, 0.0013031266)
(505565, 0.000264, 0.003991, 8.426677583374103, 0.79165226, 0.003159484178483486, [-0.33497226, 0.92271054, -0.19078505], 0.068098016, 0.0023510628)
(512771, 0.00038, 0.001965, 8.423292429597666, 0.7621949, 0.0014977129232883455, [0.71090853, -0.2399809, -0.6610736], 0.04948585, 0.0021055306)
(523061, 0.000242, 0.000104, 8.428038105602461, 0.48560968, 5.050340676307678e-05, [0.71964926, -0.42240977, 0.5510672], 0.14596513, 0.00049595995)
(555846, 0.000109, 0.004093, 8.425474935195885, 0.7381702, 0.003021330655395985, [nan, nan, nan], 0.016638594, 0.0010616563)
(558284, 0.000296, 0.000818, 8.425451774676352, 0.62801456, 0.0005137159137725831, [nan, nan, nan], 0.0669651, 0.0026059896)
(574854, 0.000239, 0.001313, 8.42535912024496, 0.62234175, 0.0008171347204446794, [0.43247324, 0.33936808, -0.83534193], 0.08075515, 0.003723647)
(581841, 0.000191, 0.002328, 8.427323786357247, 0.80963856, 0.0018848385672569276, [-0.7066031, 0.7043212, 0.068144396], 0.054462608, 0.0024312716)
(584292, 0.000151, 0.001846, 8.425451774676352, 0.65871745, 0.0012159924191236496, [nan, nan, nan], 0.0552068, 0.00039225837)
(656627, 0.000161, 0.002318, 8.426400344627437, 0.80171037, 0.0018583646311759953, [0.8607869, 0.4123682, -0.29832608], 0.025340542, 0.00096908084)
(697387, 0.000158, 0.001365, 8.42468678379811, 0.7757887, 0.0010589516088366506, [nan, nan, nan], 0.016153647, 0.00053917273)
(709881, 0.000102, 0.003182, 8.424617172308329, 0.7313223, 0.00232706752204895, [-0.43077168, -0.89239216, -0.13443254], 0.036016583, 0.0010652745)
(717061, 0.000183, 0.003652, 8.427185395209897, 0.7106028, 0.0025951214983463288, [-0.65208226, -0.41252074, -0.6360938], 0.014282796, 0.0036518346)
(772978, 0.00015, 0.003158, 8.425173752059077, 0.734944, 0.002320953107595444, [nan, nan, nan], 0.021486254, 0.004665685)
(849899, 0.000149, 0.005355, 8.424988304719445, 0.7350838, 0.003936373847723008, [-0.35868928, 0.5187203, 0.77606136], 0.013047324, 0.0021222092)
(150256, 0.000172, 0.005359, 8.435705949468101, 0.75387967, 0.004040041131854057, [nan, nan, nan], 0.0033455289, 0.0044185496)
(196322, 0.000263, 0.000427, 8.435909487906859, 0.42511898, 0.0001815258056521416, [nan, nan, nan], 0.088189915, 0.0017074571)
(236618, 0.000275, 0.002047, 8.432914654619717, 0.7403858, 0.0015155696728229523, [nan, nan, nan], 0.07915471, 0.002243965)
(280416, 0.000309, 0.00241, 8.43188895011556, 0.58923966, 0.0014200675731897354, [0.66170365, -0.29515317, -0.6892263], 0.10788128, 0.008127485)
(283287, 0.000202, 0.003883, 8.432914654619717, 0.8228774, 0.003195232971668244, [0.80339324, 0.07780474, -0.5903438], 0.085567504, 0.000988574)
(284687, 0.000404, 0.00685, 8.434777509780977, 0.41485846, 0.0028417804539203648, [0.22236243, -0.90737915, 0.35667628], 0.16801715, 0.029898768)
(285822, 0.000208, 0.000112, 8.43748931679305, 0.4757168, 5.3280281543731686e-05, [-0.7130965, -0.06380467, 0.6981565], 0.10076146, 0.00054298237)
(299106, 0.000327, 0.000815, 8.43615812763577, 0.5801623, 0.00047283226370811466, [0.74835193, 0.61255753, 0.25444576], 0.17769355, 0.0028805714)
(305100, 0.000128, 0.000392, 8.432025850762455, 0.45231113, 0.00017730596232414246, [nan, nan, nan], 0.11019301, 0.0015429955)
(390088, 0.000109, 0.000956, 8.434391964117788, 0.56938326, 0.0005443303999900817, [nan, nan, nan], 0.025784064, 0.0016180088)
(396765, 0.000166, 0.002606, 8.433119505143006, 0.6586718, 0.0017164987012147903, [-0.43115816, 0.8972395, 0.095204204], 0.06509865, 0.00043053954)
(406403, 0.000696, 0.000387, 8.434822845600413, 0.42325452, 0.0001637994991242885, [0.95442563, -0.11576472, -0.2750822], 0.1450701, 0.0019621677)
(434435, 0.000128, 0.00362, 8.435253300011414, 0.7856984, 0.0028442282581329346, [nan, nan, nan], 0.0160239, 0.0037774912)
(446169, 0.000206, 0.000721, 8.431272362605055, 0.35206795, 0.00025384099006652835, [nan, nan, nan], 0.044896994, 0.0032836078)
(454994, 0.000149, 0.00124, 8.4317520063005, 0.8123253, 0.0010072833704948426, [nan, nan, nan], 0.031579398, 0.0010576876)
(472645, 0.000271, 0.00219, 8.436067729658255, 0.7231445, 0.001583686392903328, [nan, nan, nan], 0.030367112, 0.0009924733)
(479024, 0.000655, 0.000409, 8.434391964117788, 0.8148037, 0.00033325472128391265, [-0.9007606, 0.43359703, 0.02497938], 0.19420955, 0.0002539272)
(484006, 0.000103, 0.004822, 8.431934588459645, 0.7574514, 0.003652430723428726, [nan, nan, nan], 0.0099929795, 0.0010839452)
(493452, 0.000425, 0.001974, 8.434664149522991, 0.8068505, 0.0015927228730916977, [0.022182988, 0.9972461, 0.070768714], 0.1644998, 0.0009079601)
(495221, 0.000218, 0.000961, 8.436970863816638, 0.546814, 0.0005254882774949074, [-0.765647, 0.20659629, -0.60918194], 0.076723784, 0.0033912421)
(504370, 0.000186, 0.001212, 8.431957405833328, 0.7698761, 0.0009330898604393004, [nan, nan, nan], 0.079815656, 0.00046366357)
(523416, 0.000268, 0.002447, 8.431820483605751, 0.78805685, 0.0019283751130104066, [-0.4696627, -0.3478761, -0.811418], 0.04174221, 0.0034456905)
(529732, 0.000308, 0.000869, 8.436948308337035, 0.84384936, 0.0007333050946593285, [-0.24726784, -0.9685703, -0.02702278], 0.046179984, 0.0005330385)
(581162, 0.000292, 0.002034, 8.433005711225965, 0.8170626, 0.0016619053616523743, [-0.3684303, -0.7132981, -0.5962088], 0.033275053, 0.0017930355)
(622998, 0.000196, 0.001907, 8.437939642924132, 0.79158616, 0.0015095548083782196, [nan, nan, nan], 0.04514415, 0.0012650413)
(629422, 0.000125, 0.002319, 8.435683328196545, 0.7979196, 0.001850375486075878, [nan, nan, nan], 0.09648126, 0.0026471205)
(634324, 0.000178, 0.005892, 8.437917137704181, 0.7564389, 0.004456938063383102, [0.62717736, -0.46349353, -0.6259571], 0.05238987, 0.009114203)
(638455, 0.000212, 0.002719, 8.436745256288498, 0.79470974, 0.0021608157886862755, [nan, nan, nan], 0.016226236, 0.0012088204)
(678298, 0.000136, 0.001502, 8.437399195505757, 0.85085195, 0.0012779796334505082, [0.32604012, 0.8293145, -0.45380107], 0.04023979, 0.0006460188)
(707446, 0.000163, 0.00398, 8.43423311048449, 0.7693756, 0.003062114976644516, [nan, nan, nan], 0.03528406, 0.0031146624)
(730570, 0.000157, 0.00298, 8.431409457723332, 0.7981678, 0.002378540117740631, [0.2910844, -0.8750842, 0.38664904], 0.050952572, 0.00040646427)
(849877, 0.000225, 0.004726, 8.432550237160195, 0.8089574, 0.0038231326626539234, [nan, nan, nan], 0.0163619, 0.0017884823)
(106982, 0.000361, 0.002002, 8.443751782650308, 0.5808658, 0.0011628933323621748, [0.60205734, 0.7968459, 0.05063279], 0.34751967, 0.0065230182)
(167142, 0.000351, 0.000655, 8.442996139842371, 0.49535546, 0.0003244578243792057, [0.45249572, 0.60244876, 0.6574976], 0.18884607, 0.0011197131)
(229551, 0.000436, 0.000991, 8.442551029132195, 0.6242796, 0.0006186611016988754, [-0.6843638, 0.23750651, -0.6893743], 0.053597122, 0.002132447)
(251459, 0.000646, 0.008455, 8.44651863333485, 0.8053387, 0.0068091385456919675, [0.9467965, -0.21213695, 0.24202128], 0.077014804, 0.004407229)
(302054, 0.000283, 0.004948, 8.448675583806821, 0.77613, 0.0038402913420200347, [-0.37947848, 0.8895715, 0.25428078], 0.02583681, 0.0013080875)
(302823, 0.000388, 0.001143, 8.44486063910191, 0.80686986, 0.0009222522550821304, [0.6145959, -0.25219515, 0.747442], 0.103707686, 0.00073446496)
(323418, 0.000211, 0.002198, 8.44477203469848, 0.7844454, 0.0017242110002040861, [nan, nan, nan], 0.050928302, 0.0022033192)
(333781, 0.000215, 0.000589, 8.448258235816473, 0.81560665, 0.00048039231902360924, [0.82181513, -0.2403362, -0.51658344], 0.14625837, 0.00026290148)
(344365, 0.000502, 0.000889, 8.441726369736305, 0.7695061, 0.0006840909200906754, [-0.90434235, 0.1189103, 0.40990877], 0.18881667, 0.0012149451)
(374386, 0.000166, 0.000872, 8.443707369449687, 0.7926483, 0.0006911893310546875, [nan, nan, nan], 0.027458563, 0.0006403617)
(391372, 0.000293, 0.002811, 8.440609471471545, 0.82453966, 0.0023177809882164004, [-0.47617957, 0.74672985, 0.46437868], 0.050723683, 0.0012269783)
(398950, 0.000324, 0.002204, 8.447400315578296, 0.8078119, 0.0017804174625873563, [0.7443745, -0.061834775, -0.6648932], 0.04072221, 0.0019023384)
(414783, 0.000175, 0.002248, 8.445059932940314, 0.7078302, 0.001591202268600464, [nan, nan, nan], 0.05193471, 0.0012269251)
(415181, 0.000639, 0.000165, 8.448258235816473, 0.52556753, 8.67186427116394e-05, [0.0069922106, 0.3302402, -0.943871], 0.12901743, 0.00036386328)
(423767, 0.000199, 0.00062, 8.448609713413322, 0.7277284, 0.00045119162440299983, [0.5004841, 0.86562014, 0.014746375], 0.252802, 0.0011612918)
(435030, 0.00036, 0.002046, 8.444683412214363, 0.5326925, 0.001089888838648796, [0.32408643, -0.27035242, 0.90657467], 0.28723946, 0.008498701)
(442376, 0.000105, 0.003933, 8.441770985976522, 0.7581344, 0.0029817426922917364, [nan, nan, nan], 0.006974501, 0.0023639817)
(451705, 0.000363, 0.000231, 8.443618529420348, 0.17192262, 3.971412616968155e-05, [0.22577634, -0.122431695, -0.9664551], 0.14531353, 0.0014152012)
(463531, 0.000322, 0.003762, 8.442818150298116, 0.8525253, 0.003207200155377388, [0.85107696, 0.5096424, -0.12622418], 0.117181264, 0.0004267914)
(474806, 0.000395, 0.000835, 8.447950459405382, 0.6329356, 0.0005285012122988701, [nan, nan, nan], 0.052540034, 0.0023514237)
(486048, 0.000578, 0.000836, 8.44226146234292, 0.65583193, 0.0005482754960060121, [-0.9661331, -0.22517556, -0.12602724], 0.12765577, 0.0016802523)
(498552, 0.000105, 0.000352, 8.440564735739954, 0.7440887, 0.000261919225692749, [nan, nan, nan], 0.057630457, 0.00074339914)
(512499, 0.000943, 0.000875, 8.441413927649517, 0.4324168, 0.000378364697098732, [0.25391766, 0.7170759, 0.64909774], 0.20177501, 0.003934782)
(514874, 0.000158, 0.001403, 8.445524596549536, 0.7500534, 0.0010523249282836913, [nan, nan, nan], 0.08086314, 0.00084884174)
(519256, 0.000155, 0.000783, 8.441480898450529, 0.73245996, 0.0005735161505341529, [0.569615, 0.7721219, -0.28172058], 0.21262224, 0.0015315218)
(525236, 0.000205, 0.001726, 8.443951585865953, 0.8009478, 0.0013824358775615692, [nan, nan, nan], 0.042823028, 0.0018596995)
(529710, 0.000303, 0.00024, 8.442506492960089, 0.7329122, 0.0001758989238739014, [0.3515779, -0.79454947, 0.49505967], 0.10882127, 0.0005103048)
(534264, 0.00019, 0.001907, 8.447620456743747, 0.72822446, 0.0013887240381836889, [nan, nan, nan], 0.051191676, 0.0026931285)
(536961, 0.000175, 0.003715, 8.448258235816473, 0.75035626, 0.002787573494613171, [0.37287664, 0.37692025, 0.8478763], 0.03169564, 0.001604137)
(551396, 0.000162, 0.000937, 8.445059932940314, 0.7272386, 0.000681422563970089, [-0.4933272, -0.25538656, 0.8315083], 0.063758224, 0.0020238005)
(560807, 0.000293, 0.00236, 8.440385746718038, 0.6223733, 0.0014688009476661686, [-0.99098015, -0.046075795, 0.12583853], 0.10047487, 0.006968415)
(580258, 0.000345, 0.003019, 8.446386226479586, 0.7494784, 0.0022626752888560294, [nan, nan, nan], 0.064468674, 0.0050058127)
(582068, 0.000128, 0.002107, 8.44090014145767, 0.7798466, 0.0016431368044018747, [nan, nan, nan], 0.022685349, 0.0015907411)
(618360, 0.000265, 0.005251, 8.445214876056218, 0.79954916, 0.0041984326516985885, [0.68312484, -0.48069978, -0.5497893], 0.059477046, 0.002467615)
(635763, 0.000102, 0.003326, 8.447796489367894, 0.7140589, 0.00237495982170105, [nan, nan, nan], 0.040784936, 0.0021092151)
(643010, 0.000179, 0.002256, 8.445347640457895, 0.743125, 0.0016764900484085086, [nan, nan, nan], 0.024223756, 0.0021419155)
(645476, 0.000174, 0.004683, 8.440385746718038, 0.7977665, 0.0037359405507445334, [nan, nan, nan], 0.044265933, 0.0025214353)
(664930, 0.000103, 0.002479, 8.448587754395145, 0.7963455, 0.0019741404259204865, [nan, nan, nan], 0.016140895, 0.002205924)
(674364, 0.000221, 0.001824, 8.446474502201603, 0.85654235, 0.0015623332443237305, [nan, nan, nan], 0.040889055, 0.0002896568)
(690439, 0.000163, 0.004635, 8.448829242550032, 0.67716897, 0.0031386781543493274, [nan, nan, nan], 0.030439252, 0.002401719)
(721469, 0.000245, 0.001537, 8.440609471471545, 0.7627307, 0.0011723171130418777, [nan, nan, nan], 0.01215214, 0.00034947586)
(159364, 0.000236, 0.001648, 8.452609635504789, 0.7604436, 0.0012532110986709594, [0.61917645, 0.6990634, 0.35767436], 0.03591506, 0.0005985383)
(366921, 0.000186, 0.003002, 8.452217830111621, 0.55568486, 0.001668165963292122, [0.04494193, 0.9761804, 0.2122551], 0.06341792, 0.0010088974)
(598096, 0.000192, 0.002599, 8.453131493454011, 0.7234548, 0.0018802589561343196, [nan, nan, nan], 0.023214262, 0.0054117776)
(616247, 0.000116, 0.0022, 8.452392009482043, 0.8271914, 0.001819821107387543, [nan, nan, nan], 0.048044004, 0.0013405179)
(659063, 0.000138, 0.001754, 8.452783657838959, 0.56654143, 0.0009937136740684508, [0.6035568, -0.5364247, 0.589888], 0.024102999, 0.0036856246)
(660955, 0.000158, 0.002567, 8.451716674945567, 0.83477676, 0.002142871940732002, [nan, nan, nan], 0.034746457, 0.00092468073)
(671628, 0.000109, 0.003123, 8.453131493454011, 0.79000527, 0.002467186447799206, [nan, nan, nan], 0.02446605, 0.0019059868)
(721389, 0.000229, 0.003875, 8.452957610470095, 0.73494387, 0.0028479074835777284, [nan, nan, nan], 0.023501476, 0.0018038009)
(831289, 0.000111, 0.004418, 8.45258787780924, 0.62370807, 0.0027555422502756116, [nan, nan, nan], 0.011334764, 0.0010384824)
