halo_ids, stellar_mass, fluid_mass, virial_mass, HI_abundance, HI, Lhat, metallicity, starformation
(151848, 0.000532, 0.004877, 7.885544322299952, 0.95441335, 0.004654673929393291, [-0.5323407, -0.43911085, 0.7237369], 0.41046992, 0.0018828206)
(151878, 0.000222, 0.005422, 7.904014345940198, 0.9376292, 0.005083825646400451, [-0.30721685, 0.3718783, 0.87597054], 0.9430596, 0.0024837204)
(204955, 0.000391, 0.006518, 7.991779669753309, 0.9642742, 0.006285139415621758, [0.19626829, 0.91141945, 0.36165363], 0.61158854, 0.0014238132)
(239798, 0.000326, 0.006079, 7.9589464749385925, 0.9170582, 0.005574796976804733, [0.8345326, -0.11647484, -0.5385063], 0.90567005, 0.004111953)
(344298, 0.000175, 0.005378, 7.896955014330454, 0.87866855, 0.004725479444026947, [-0.43884325, 0.03607507, -0.8978392], 2.2484996, 0.0029437873)
(436529, 0.000861, 0.005152, 7.931518544703387, 0.9859787, 0.005079762378692627, [-0.060945734, -0.39470243, 0.9167855], 1.4789003, 0.00031996146)
(439231, 0.000163, 0.00592, 7.936545157320811, 0.98193204, 0.005813037700653076, [nan, nan, nan], 0.99290484, 0.00039415175)
(440667, 0.000218, 0.006426, 7.974856964637245, 0.9554997, 0.006140041127800942, [0.83864635, -0.54410285, 0.024988368], 1.2488425, 0.0022854628)
(456935, 0.000836, 0.005276, 7.9386106864255215, 0.9802522, 0.005171810640573502, [0.17491478, 0.3992483, 0.90000314], 2.1831844, 0.000938158)
(458520, 0.000254, 0.005527, 7.914430310233003, 0.97874504, 0.005409523854196072, [nan, nan, nan], 1.0151396, 0.0006053599)
(463658, 0.000185, 0.006082, 7.949487035557858, 0.9606767, 0.005842835869908333, [nan, nan, nan], 0.46013302, 0.0019440275)
(472451, 0.000234, 0.006488, 7.979861236258667, 0.972887, 0.006312090723514557, [-0.098238364, 0.055633813, -0.9936066], 0.49926743, 0.0013978353)
(482716, 0.000188, 0.006195, 7.957452185287693, 0.96639115, 0.0059867931506037714, [nan, nan, nan], 0.6016474, 0.0012949584)
(487957, 0.000102, 0.00637, 7.963532947875818, 0.9578994, 0.0061018191248178475, [nan, nan, nan], 1.0615762, 0.001991464)
(496347, 0.000143, 0.006849, 7.997028760484234, 0.97074485, 0.0066486314656734454, [-0.22499527, -0.83142424, -0.5080461], 1.0495422, 0.0017811236)
(499982, 0.000249, 0.006015, 7.949279089907774, 0.9841404, 0.005919604482650757, [nan, nan, nan], 0.5353736, 0.00038617072)
(505634, 0.000108, 0.006491, 7.97190546922001, 0.9849065, 0.006393028056561946, [nan, nan, nan], 0.5635055, 0.00046579132)
(510378, 0.000334, 0.006339, 7.976748465708659, 0.96338135, 0.0061068743779063225, [-0.96467465, 0.09188806, -0.2468993], 0.2933353, 0.0020919833)
(510747, 0.000145, 0.00675, 7.990961611369756, 0.93418545, 0.006305751755833626, [nan, nan, nan], 1.1587145, 0.004168803)
(531375, 0.000165, 0.006365, 7.967274009462351, 0.9864996, 0.006279070002138614, [-0.3857995, -0.51030153, -0.7686032], 1.1779655, 0.0004481169)
(546069, 0.000127, 0.006322, 7.961852369654922, 0.9742306, 0.0061590857740640645, [0.5194279, 0.33438313, -0.786373], 0.66413075, 0.0010002597)
(563290, 0.000165, 0.005434, 7.900537808352872, 0.9036168, 0.004910253615140914, [-0.50310403, -0.46724546, -0.7270268], 0.17444621, 0.00063400366)
(572231, 0.000147, 0.006041, 7.944047823550702, 0.9838486, 0.005943429222106933, [nan, nan, nan], 0.21849814, 0.0005030401)
(578584, 0.000125, 0.005486, 7.901467609561345, 0.9827549, 0.005391393305420875, [nan, nan, nan], 0.2642659, 0.0006322779)
(585657, 0.00011, 0.006611, 7.979861236258667, 0.97926325, 0.00647390931969881, [nan, nan, nan], 0.38293988, 0.0008699189)
(593905, 0.000144, 0.005076, 7.87009784386015, 0.983895, 0.004994251039266586, [-0.35494646, -0.004181714, 0.9348773], 0.40786275, 0.0004294724)
(622942, 0.000169, 0.006825, 7.997090869098127, 0.97312707, 0.006641592232882978, [-0.83794844, 0.3281323, -0.43608674], 0.23873863, 0.0014707185)
(628854, 0.000133, 0.006739, 7.989510491681074, 0.9847167, 0.0066360059317946436, [nan, nan, nan], 0.304467, 0.00042723274)
(653728, 0.00042, 0.006069, 7.993223239704982, 0.94573635, 0.005739673899829387, [-0.45298737, 0.14358301, -0.8798786], 0.22368295, 0.0030425114)
(76527, 0.000117, 0.007636, 8.04195313752908, 0.96298456, 0.007353350114822388, [-0.6093504, -0.65038455, -0.45353284], 0.8043418, 0.0017056831)
(155901, 0.000208, 0.007193, 8.021717745067287, 0.9249263, 0.006652994739055633, [nan, nan, nan], 1.0072887, 0.004867047)
(188951, 0.000262, 0.007169, 8.023474602163388, 0.9640707, 0.00691142268884182, [-0.94947946, 0.2387136, 0.20372683], 0.6096982, 0.001692481)
(285456, 0.000738, 0.006384, 8.004968326627687, 0.98088986, 0.006262000845909118, [0.97689974, -0.017057603, 0.21301636], 1.0838422, 0.0003766288)
(289477, 0.000252, 0.007063, 8.016641671319217, 0.9622619, 0.0067964559071064, [0.5046488, 0.059064962, 0.86130184], 0.40106967, 0.0023176307)
(306190, 0.000308, 0.006831, 8.006064722816483, 0.96463734, 0.006589437663495542, [0.09662143, -0.890382, -0.44484177], 1.6152655, 0.00032020063)
(373279, 0.000199, 0.00765, 8.04729699760314, 0.97340304, 0.00744653322994709, [nan, nan, nan], 0.7364442, 0.0008497121)
(449176, 0.000221, 0.007774, 8.05524580894014, 0.9109664, 0.007081852765083312, [-0.9658227, -0.25617316, -0.039519124], 0.5885055, 0.0017139141)
(457275, 0.001014, 0.006749, 8.042456927021306, 0.8940812, 0.006034153852283955, [-0.9911319, 0.107071795, -0.0786978], 1.3374383, 0.0064295135)
(479801, 0.000379, 0.006622, 7.997649447286902, 0.9124344, 0.0060421405910253525, [0.92767, -0.3729579, 0.018187359], 0.77152246, 0.0060542845)
(481320, 0.000411, 0.007547, 8.053176698918968, 0.9325208, 0.007037734528839589, [0.42032132, -0.65602386, 0.6268674], 0.630048, 0.0045476286)
(490466, 0.000313, 0.006708, 7.998826313892563, 0.9662427, 0.00648155583715439, [nan, nan, nan], 1.1072574, 0.0017451277)
(497438, 0.000185, 0.006903, 8.002889773619405, 0.96817416, 0.006683306223213672, [nan, nan, nan], 0.4486602, 0.001855687)
(504657, 0.000108, 0.007225, 8.017709025853499, 0.94455504, 0.006824410194158553, [nan, nan, nan], 0.53454334, 0.0037143342)
(507487, 0.000364, 0.00671, 8.002153785054215, 0.9304866, 0.006243565216660499, [0.4934874, -0.81242615, 0.31053808], 1.067045, 0.0045711435)
(512258, 0.000107, 0.007755, 8.04801561652415, 0.8835089, 0.006851611679792404, [0.62101805, -0.029417079, 0.7832441], 0.46298692, 0.00059337076)
(512259, 0.000204, 0.007201, 8.021952403715115, 0.91248894, 0.006570832838058472, [0.24878919, -0.57716775, 0.77780545], 0.67222005, 0.000803281)
(512673, 0.000102, 0.007526, 8.034781087246602, 0.9494086, 0.0071452490543127065, [nan, nan, nan], 0.19249779, 0.0035633913)
(514185, 0.000247, 0.007216, 8.025398971596331, 0.9631246, 0.006949906920433044, [0.043108955, 0.606461, -0.7939437], 0.42624915, 0.001985153)
(519526, 0.000368, 0.007392, 8.042289062116076, 0.9801194, 0.007245042657852172, [-0.9495675, -0.13673943, 0.28217733], 1.1368675, 0.0011563221)
(520314, 0.000214, 0.007148, 8.019364158589527, 0.9644052, 0.0068935682196617125, [0.41000965, 0.7367647, 0.5376521], 0.40355417, 0.0023781348)
(522011, 0.000332, 0.00714, 8.050823386787897, 0.9413166, 0.006721000556945801, [0.8954189, 0.11680729, 0.429629], 0.7214231, 0.004058509)
(523505, 0.000443, 0.006794, 8.011985913483942, 0.8709658, 0.005917341501355171, [0.29580936, -0.9172447, -0.26675633], 0.7539891, 0.009318183)
(531144, 0.000157, 0.007383, 8.029798686727663, 0.98622733, 0.00728131640356779, [-0.8788891, 0.06798983, 0.472156], 0.63311946, 0.00038026576)
(532302, 0.000226, 0.007082, 8.016225879538387, 0.98432547, 0.0069709929682016366, [-0.1252051, 0.30011907, 0.94564915], 0.56265956, 0.00045600472)
(533272, 0.000149, 0.006934, 8.002705893375925, 0.9114161, 0.006319759330153466, [nan, nan, nan], 0.53799003, 0.0062017185)
(538650, 0.000146, 0.007631, 8.043295279669328, 0.96670485, 0.0073769246754646295, [nan, nan, nan], 0.6014568, 0.002160695)
(543420, 0.000496, 0.00703, 8.029049256892161, 0.9749668, 0.006854016773104668, [0.8079616, -0.008226081, -0.58917785], 1.2601489, 0.001262526)
(546518, 0.000105, 0.007219, 8.017175676487547, 0.9609488, 0.00693708956682682, [nan, nan, nan], 0.45796993, 0.0027060017)
(551629, 0.000149, 0.007839, 8.054865397056552, 0.9119203, 0.00714854330277443, [nan, nan, nan], 0.77142835, 0.0066255135)
(554573, 0.000168, 0.007518, 8.038071212693652, 0.9708335, 0.007298726105332375, [nan, nan, nan], 0.3344101, 0.0020500473)
(555617, 0.000166, 0.007101, 8.013782501051148, 0.9838784, 0.006986520334482193, [0.056552295, -0.40462628, -0.9127318], 0.2054703, 0.0005981793)
(558104, 0.000115, 0.007667, 8.043518567325611, 0.9731284, 0.007460975277125835, [nan, nan, nan], 0.63899803, 0.0013540408)
(562342, 0.000107, 0.007579, 8.038127720986218, 0.9835028, 0.007453967760860919, [nan, nan, nan], 0.38822562, 0.00067153433)
(566128, 0.000482, 0.007473, 8.053012927507849, 0.8478099, 0.006335683463215828, [-0.66517663, 0.101683244, -0.73973006], 0.7081133, 0.010724645)
(566175, 0.000124, 0.007248, 8.020012667404924, 0.96598303, 0.007001445024490357, [nan, nan, nan], 0.31999558, 0.0021147279)
(567967, 0.00028, 0.007681, 8.053394964777013, 0.9601377, 0.007374817864775658, [-0.96336985, 0.23187084, 0.13473812], 0.35616317, 0.0025395271)
(568026, 0.000103, 0.00772, 8.045856182637433, 0.9620748, 0.007427217581272126, [nan, nan, nan], 0.3672814, 0.0022026747)
(587082, 0.00012, 0.006993, 8.004480149555738, 0.9476737, 0.00662708203303814, [nan, nan, nan], 0.3929891, 0.0033400063)
(589575, 0.000106, 0.007135, 8.037901643687045, 0.98039854, 0.006995143552422523, [nan, nan, nan], 0.23443271, 0.000976026)
(593994, 0.000113, 0.007834, 8.052575901577232, 0.97334236, 0.007625164040923119, [nan, nan, nan], 0.4584002, 0.0012250006)
(596495, 0.000189, 0.007448, 8.035350131460486, 0.9537144, 0.007103264633178711, [-0.7039313, 0.7084879, 0.050255883], 0.5070061, 0.0027898015)
(601356, 0.000233, 0.007367, 8.033298073390311, 0.977985, 0.007204815675139428, [nan, nan, nan], 0.300381, 0.000980102)
(602729, 0.000161, 0.007365, 8.028991554841733, 0.980543, 0.007221699323058129, [nan, nan, nan], 0.27925315, 0.0008792805)
(603714, 0.000219, 0.007308, 8.029049256892161, 0.9851431, 0.007199425957918168, [-0.26634958, 0.6018485, 0.7528853], 0.32742777, 0.00058449456)
(606500, 0.000179, 0.006927, 8.004052544011197, 0.98001164, 0.00678854064399004, [nan, nan, nan], 0.3348895, 0.00038032854)
(612607, 0.000173, 0.007335, 8.028009445185774, 0.9741975, 0.007145738713145257, [0.27263466, -0.3106807, -0.9105756], 0.19285761, 0.0014354488)
(614291, 0.000206, 0.007047, 8.038579522828684, 0.98600817, 0.006948399554729462, [-0.26966614, 0.43055508, 0.8613376], 0.1871277, 0.00044316569)
(622698, 0.000204, 0.007362, 8.031351074825455, 0.9613207, 0.007077242980599402, [0.8788172, -0.41207808, -0.24056588], 0.19253221, 0.002353408)
(635534, 0.000137, 0.007741, 8.048843317331011, 0.981173, 0.007595260029494762, [0.6719684, -0.24627501, 0.69843185], 0.049594093, 0.00039572368)
(642379, 0.00017, 0.007102, 8.03965067222041, 0.9741554, 0.006918451835632324, [-0.9858398, 0.1667966, 0.017285053], 0.16788588, 0.0009558877)
(653153, 0.000131, 0.007736, 8.04823649102702, 0.9759988, 0.007550326862812042, [0.4241332, 0.62112904, 0.6590218], 0.11723496, 0.00096183724)
(665606, 0.000284, 0.006883, 8.00770414468798, 0.96560526, 0.00664626099729538, [nan, nan, nan], 0.15728086, 0.0020210068)
(88262, 0.003283, 0.005201, 8.081028000702412, 0.9608228, 0.004997239490270615, [0.08890523, -0.9834034, 0.15815675], 0.7420979, 0.0014624181)
(404892, 0.000105, 0.008063, 8.064543069936741, 0.9705946, 0.00782590413838625, [nan, nan, nan], 0.7391545, 0.0010027859)
(411492, 0.000106, 0.007941, 8.08118154303454, 0.9832077, 0.007807652366638184, [nan, nan, nan], 0.2436086, 0.000513045)
(429376, 0.000364, 0.008085, 8.079232650969495, 0.91524315, 0.007399740858078003, [nan, nan, nan], 0.50367373, 0.0061315256)
(440904, 0.000309, 0.007997, 8.071819267631748, 0.9514103, 0.007608428117752076, [0.27267092, 0.60863155, 0.7451296], 0.67113763, 0.0017167339)
(447936, 0.00012, 0.008185, 8.071766977645302, 0.9663104, 0.007909250475764275, [nan, nan, nan], 0.8401523, 0.0018596137)
(467542, 0.000632, 0.007524, 8.063851306234183, 0.83886415, 0.0063116138470172885, [0.7999909, -0.43252882, -0.41585258], 1.1758668, 0.009841849)
(482134, 0.000177, 0.00796, 8.062891656853502, 0.97207206, 0.00773769363641739, [nan, nan, nan], 0.9396107, 0.0017050587)
(484129, 0.000531, 0.007577, 8.06134108087886, 0.9529283, 0.007220337764501572, [0.39214522, -0.73659426, 0.55104536], 0.80387294, 0.0025938167)
(484291, 0.000431, 0.007893, 8.072759412397478, 0.9752381, 0.007697554203271867, [-0.100518525, 0.9890735, -0.10784044], 0.7142948, 0.0012972918)
(489362, 0.00019, 0.007876, 8.059085558529487, 0.9551194, 0.007522520169258117, [-0.98292667, 0.14168961, 0.11738532], 0.70981973, 0.0029579492)
(493564, 0.000317, 0.007726, 8.05784540956043, 0.9676673, 0.007476197417855264, [-0.5801513, -0.07783088, -0.8107816], 1.0880353, 0.0015773943)
(515802, 0.000113, 0.008017, 8.062517886451955, 0.93611205, 0.0075048102747201926, [nan, nan, nan], 0.44978675, 0.0041532116)
(516460, 0.000269, 0.007929, 8.06613525483837, 0.88721806, 0.007034751982748509, [0.8114675, 0.48485518, -0.32624525], 0.6544365, 0.008342383)
(521590, 0.000185, 0.008266, 8.079386829238164, 0.98708016, 0.008159204576134683, [nan, nan, nan], 0.45454192, 0.00041322887)
(525185, 0.000261, 0.007951, 8.066876281556443, 0.97349584, 0.007740265432000159, [0.5013385, 0.21105415, 0.8391161], 0.70831996, 0.0015429511)
(533037, 0.000434, 0.00778, 8.066982039375521, 0.98100567, 0.007632224102020264, [0.6343631, 0.592446, -0.4965796], 0.80027735, 0.000811905)
(540069, 0.000293, 0.007754, 8.058061342184843, 0.94622964, 0.007337064602732658, [0.73714656, -0.57759213, 0.35071674], 0.35713574, 0.0038893023)
(559854, 0.000182, 0.007979, 8.06417071871382, 0.9389317, 0.007491736062765122, [nan, nan, nan], 0.6778536, 0.004708944)
(560272, 0.00013, 0.008035, 8.064383529930575, 0.9532564, 0.007659415400922298, [0.6579822, -0.57264715, 0.48901406], 0.5185006, 0.0025801645)
(572979, 0.000246, 0.008224, 8.080362022599067, 0.9800177, 0.008059665742874146, [-0.96084195, 0.039759755, -0.27422962], 0.49420276, 0.00072049885)
(575735, 0.000161, 0.007554, 8.06390455796399, 0.9800463, 0.007403269540786743, [nan, nan, nan], 0.42812902, 0.00041571076)
(587458, 0.000216, 0.008229, 8.079026994764915, 0.97278696, 0.008005063918411732, [-0.7395907, 0.6244978, 0.25101402], 0.7816092, 0.0016929887)
(598793, 0.000219, 0.008251, 8.080310751188595, 0.9567121, 0.00789383175766468, [nan, nan, nan], 0.36233932, 0.0031496943)
(600251, 0.000157, 0.008307, 8.080054303302841, 0.98409164, 0.008174849249482155, [nan, nan, nan], 0.29144877, 0.0005429637)
(641693, 0.000151, 0.00125, 8.079540952791648, 0.95912117, 0.0011989014595746995, [-0.64856845, 0.6365693, -0.4172991], 0.2816555, 0.0004142258)
(466273, 0.001246, 0.007285, 8.08342728281404, 0.9318413, 0.006788463971316814, [0.6135754, -0.5893664, -0.5255212], 2.0725656, 0.0046721012)
(529874, 0.000405, 0.008146, 8.084444247292089, 0.9826431, 0.008004610916137696, [0.52010846, -0.19230774, 0.8321688], 0.5796586, 0.0010085627)
(544287, 0.000168, 0.008348, 8.082662993624172, 0.97915006, 0.008173944674491881, [nan, nan, nan], 0.38003096, 0.0006363141)
(623676, 0.000136, 0.008394, 8.08342728281404, 0.96918136, 0.008135308325886726, [nan, nan, nan], 0.26001802, 0.0015518577)
(568427, 0.000199, 0.008405, 8.087127742573312, 0.88367, 0.007427246118187903, [0.2867887, -0.7824741, 0.5527084], 0.35067615, 0.009151425)
(568960, 0.000166, 0.008531, 8.091796810932548, 0.9536349, 0.008135459483206273, [nan, nan, nan], 0.3698813, 0.003145157)
(593947, 0.000282, 0.008325, 8.08727914382355, 0.93957466, 0.007821959035098552, [0.5768204, -0.18546341, 0.79553854], 0.28104863, 0.004662638)
(608521, 0.000224, 0.008386, 8.087480930088953, 0.98551285, 0.00826451078248024, [nan, nan, nan], 0.25510293, 0.0005174423)
(479739, 0.000389, 0.008357, 8.094187154672584, 0.92868066, 0.007760984261751175, [-0.7650645, -0.63965166, 0.07431079], 0.58075106, 0.0056284587)
(508770, 0.000104, 0.008617, 8.092993627347978, 0.9813356, 0.008456168695867062, [nan, nan, nan], 0.4047755, 0.0008458208)
(623213, 0.000142, 0.008581, 8.093093213333717, 0.97889936, 0.008399935405611993, [nan, nan, nan], 0.1328664, 0.0010045655)
(168712, 0.000236, 0.008514, 8.0944353938802, 0.96340823, 0.008202457684993746, [0.27187216, 0.69810635, -0.6623693], 1.1186836, 0.0021535782)
(574989, 0.000187, 0.008593, 8.09592185676399, 0.95520407, 0.008208068570196628, [0.57496935, -0.21669969, -0.7889559], 0.62707466, 0.0029716222)
(487261, 0.000244, 0.008581, 8.098142054917748, 0.9559208, 0.008202756517529488, [-0.2991404, -0.76285714, -0.57320493], 1.1817924, 0.0035921927)
(528395, 0.000944, 0.007941, 8.10113364976274, 0.96951705, 0.007698934911310673, [-0.10412526, 0.8945328, -0.43470567], 1.1028595, 0.0016336114)
(532561, 0.000185, 0.008669, 8.099566858500717, 0.9271757, 0.008037686149060724, [nan, nan, nan], 0.8025813, 0.005976904)
(581697, 0.000236, 0.008612, 8.09927245481851, 0.9450883, 0.008139100671529769, [nan, nan, nan], 0.1741803, 0.0043390873)
(177845, 0.000229, 0.008689, 8.102694808871476, 0.7649377, 0.006646543665230274, [-0.7590438, 0.04525592, 0.6494646], 2.0269122, 0.00043489822)
(286669, 0.00063, 0.008359, 8.106138721285443, 0.9862264, 0.00824386630934477, [-0.9149098, -0.396064, -0.07793285], 1.2707456, 0.00040704914)
(336330, 0.000253, 0.008702, 8.104444430905314, 0.7084148, 0.006164625528812408, [-0.79876065, 0.53877264, -0.2677788], 2.6314514, 0.007704957)
(428224, 0.000626, 0.008278, 8.10201249218454, 0.9800549, 0.008112894585967064, [0.5375353, 0.4502633, -0.7129648], 0.70745826, 0.00046884207)
(495975, 0.000377, 0.008548, 8.103084223362398, 0.9302095, 0.007951430955410003, [-0.33292052, -0.69728494, -0.6347894], 0.9031346, 0.005826081)
(513809, 0.000283, 0.00868, 8.10488073728092, 0.98540115, 0.008553282012939452, [0.28477773, -0.012117363, 0.958517], 0.2949731, 0.0005065247)
(551255, 0.000134, 0.008797, 8.103327430224276, 0.94575953, 0.008319846627950668, [nan, nan, nan], 0.2748984, 0.0036986233)
(642621, 0.000141, 0.008834, 8.105461798108244, 0.9817081, 0.008672409438252449, [nan, nan, nan], 0.16375838, 0.001090359)
(262755, 0.000344, 0.00867, 8.107344894592847, 0.9591463, 0.008315798601508141, [0.89471364, 0.020404916, -0.44617388], 0.41606656, 0.00060160033)
(450773, 0.000116, 0.008943, 8.109507600515787, 0.8534213, 0.007632146425187587, [nan, nan, nan], 0.90201426, 0.0126946205)
(560759, 0.000104, 0.008951, 8.109315795507966, 0.9810528, 0.008781403755247592, [nan, nan, nan], 0.4485065, 0.00039563028)
(595352, 0.000145, 0.008932, 8.110369676303293, 0.96094346, 0.008583146988868714, [-0.014356379, 0.7837062, 0.6209657], 0.2787456, 0.0029135565)
(605007, 0.000354, 0.007418, 8.11123004425739, 0.98625106, 0.007316010334849358, [0.74113584, 0.030862581, 0.6706455], 0.21132083, 0.0004911741)
(614225, 0.00013, 0.008915, 8.10883591205372, 0.9439155, 0.00841500656068325, [0.19446617, 0.9522419, 0.2354106], 0.2999609, 0.00423389)
(399663, 0.000384, 0.00879, 8.115033413782015, 0.96795934, 0.008508362637162207, [-0.27789718, 0.15425716, -0.94814444], 0.40110788, 0.0017144029)
(420966, 0.000219, 0.008946, 8.114559810156123, 0.7689023, 0.006878599991798401, [nan, nan, nan], 1.4652803, 0.018651797)
(507744, 0.000527, 0.008667, 8.115931840272179, 0.92232436, 0.007993785223066806, [0.15479447, -0.52997833, 0.83376354], 0.77983785, 0.006181382)
(529537, 0.000797, 0.007954, 8.115837356538117, 0.9234437, 0.007345070991277695, [-0.6748103, -0.65871525, -0.33275414], 1.0181425, 0.0058062924)
(536504, 0.000515, 0.008588, 8.11161188358908, 0.9187594, 0.007890305775403976, [0.6444557, -0.44541654, 0.6215151], 0.4267644, 0.005694535)
(559105, 0.000242, 0.008864, 8.111707290988827, 0.9668773, 0.00857040022468567, [nan, nan, nan], 0.18480468, 0.0023466)
(561032, 0.000133, 0.009009, 8.1134685578112, 0.9295447, 0.008374268087625503, [nan, nan, nan], 0.4869941, 0.005417206)
(416623, 0.0003, 0.008904, 8.116451133697922, 0.9588808, 0.008537874484062196, [0.8963127, -0.26544073, -0.35519668], 1.4255588, 0.003037905)
(574279, 0.000197, 0.009007, 8.116403950854494, 0.9056322, 0.008157029206097125, [nan, nan, nan], 0.3652885, 0.007392545)
(582321, 0.000159, 0.009126, 8.120209248933687, 0.94124657, 0.00858981619012356, [nan, nan, nan], 0.17362823, 0.004822881)
(306180, 0.000196, 0.009168, 8.123888745882475, 0.9181913, 0.008417977964401246, [nan, nan, nan], 1.4675713, 0.0023722746)
(463609, 0.000275, 0.009115, 8.125092933123998, 0.8246921, 0.00751706822246313, [nan, nan, nan], 0.63638526, 0.016385986)
(474028, 0.000192, 0.009162, 8.123424706430374, 0.97788167, 0.008959351860523225, [0.78414655, 0.60735923, -0.12739335], 0.94679064, 0.0010939692)
(478633, 0.000205, 0.009156, 8.1237495861007, 0.97667354, 0.00894242296385765, [0.9415051, 0.33329773, 0.049808137], 1.0163319, 0.0010422671)
(578002, 0.000149, 0.00915, 8.120910289411823, 0.9570282, 0.008756808122992517, [nan, nan, nan], 0.2643331, 0.0032855067)
(583965, 0.000399, 0.008913, 8.1214236675062, 0.96153176, 0.008570132561802866, [0.741307, -0.666248, -0.08110215], 0.3208079, 0.002311177)
(1465126, 0.000478, 0.00886, 8.122681210452676, 0.9506472, 0.008422733973264694, [nan, nan, nan], 0.05881786, 0.0015248811)
(128149, 0.000109, 0.009295, 8.12573996131079, 0.9754065, 0.009066403673291206, [nan, nan, nan], 0.466567, 0.0012201241)
(374158, 0.000126, 0.009291, 8.126339911277592, 0.9719226, 0.00903013265758753, [nan, nan, nan], 1.1724712, 0.0005694952)
(481810, 0.000115, 0.009308, 8.126616531976055, 0.96791697, 0.009009371114730835, [nan, nan, nan], 0.8294222, 0.0027240731)
(518271, 0.000108, 0.009307, 8.126247665210572, 0.9512141, 0.008852949396848678, [nan, nan, nan], 0.64358956, 0.003955341)
(527749, 0.000164, 0.001774, 8.12707717529661, 0.9651217, 0.0017121258717775346, [-0.66945326, -0.11861639, -0.7333229], 0.8898524, 0.00047950548)
(589140, 0.000179, 0.009261, 8.127399335155957, 0.93997645, 0.008705121938467026, [nan, nan, nan], 0.2323529, 0.005533278)
(616667, 0.000314, 0.009092, 8.125832315267948, 0.98374385, 0.008944199051618574, [-0.84002465, -0.539561, 0.056853604], 0.19095986, 0.00050638505)
(408014, 0.000965, 0.008622, 8.134064765513656, 0.45470217, 0.003920442098557949, [0.44152823, -0.87482065, -0.19935314], 1.6311351, 0.037407972)
(444806, 0.000265, 0.009251, 8.130881774223116, 0.9765704, 0.009034253024041653, [nan, nan, nan], 1.2174301, 0.0016976146)
(476979, 0.000351, 0.009238, 8.134200659485636, 0.9498967, 0.008775145652055739, [-0.45088708, -0.86898506, -0.20387709], 0.7759449, 0.0036499326)
(514676, 0.000375, 0.009138, 8.130744837604638, 0.7295054, 0.006666220525503159, [-0.09342446, -0.37993968, 0.92028135], 0.60198027, 0.021910166)
(515113, 0.000534, 0.009045, 8.133747514116996, 0.88318723, 0.007988428535163402, [0.49478438, -0.8238547, 0.27649954], 0.41173473, 0.011032055)
(524110, 0.000106, 0.00945, 8.13265803224892, 0.9419446, 0.008901376461982727, [nan, nan, nan], 0.56305563, 0.004600993)
(551977, 0.000187, 0.009364, 8.132476185922844, 0.9861475, 0.009234285404682161, [nan, nan, nan], 0.93135613, 0.0003199668)
(559190, 0.000316, 0.009206, 8.13115551799638, 0.96560293, 0.008889340613722803, [-0.12836726, 0.46414536, 0.87640804], 0.34326473, 0.0023275677)
(590028, 0.000195, 0.009367, 8.132930659051283, 0.9501641, 0.008900186934232713, [nan, nan, nan], 0.50839365, 0.004482133)
(608102, 0.000231, 0.00889, 8.132930659051283, 0.97715384, 0.00868689761698246, [nan, nan, nan], 0.24563815, 0.0012764076)
(271013, 0.000243, 0.009379, 8.135692693424433, 0.928796, 0.008711177621424199, [0.7581795, 0.58552444, 0.28692347], 0.7386836, 0.0027126293)
(354787, 0.001943, 0.007697, 8.136504374760719, 0.9129235, 0.007026772293746471, [-0.6016251, 0.7601918, -0.2452667], 1.496697, 0.005899061)
(419379, 0.000363, 0.009275, 8.136414262823077, 0.86586726, 0.008030918809771538, [0.10916066, -0.901241, -0.41934314], 0.38697174, 0.012141948)
(464839, 0.000131, 0.009565, 8.138975154272613, 0.9459167, 0.009047693352997302, [nan, nan, nan], 0.70124036, 0.00435555)
(513555, 0.000184, 0.009419, 8.134834269721683, 0.8917963, 0.008399829263746739, [0.32922444, -0.9375958, -0.1119167], 0.87940806, 0.009530644)
(536094, 0.000437, 0.009248, 8.138526965913018, 0.95695305, 0.008849901794433592, [-0.60548604, -0.7774533, 0.1701561], 0.65757704, 0.00376433)
(559036, 0.000359, 0.008824, 8.135737826652003, 0.96980536, 0.00855756249523163, [-0.012587004, -0.17124142, -0.9851487], 0.72200435, 0.0020433734)
(575585, 0.000122, 0.009496, 8.135512113595675, 0.981576, 0.009321045938014983, [0.33633846, -0.72063524, -0.60626847], 0.46385598, 0.0003387085)
(602759, 0.000125, 0.009535, 8.137449422967423, 0.9823277, 0.009366494616270066, [-0.17207259, -0.86020565, -0.48003882], 0.14352167, 0.00044259368)
(605871, 0.00029, 0.008514, 8.138526965913018, 0.98512477, 0.008387352264761927, [nan, nan, nan], 0.13621458, 0.00042071508)
(621105, 0.000119, 0.009498, 8.13546695690399, 0.9380059, 0.008909180268287659, [nan, nan, nan], 0.22217372, 0.005708899)
(226522, 0.000857, 0.00891, 8.142188528576666, 0.53659534, 0.004781064519882202, [0.2500895, -0.2698433, 0.92986006], 1.75463, 0.033440735)
(405322, 0.000114, 0.009671, 8.142988170851908, 0.95265853, 0.009213160682797433, [nan, nan, nan], 0.78443164, 0.003524284)
(519495, 0.000164, 0.009583, 8.141342861370575, 0.9593677, 0.009193620596945284, [0.9831348, 0.15577224, -0.09581734], 0.40080374, 0.0033075493)
(531974, 0.000709, 0.009081, 8.143210032661026, 0.9613969, 0.008730445003688336, [0.31364208, 0.2505627, 0.91588587], 0.8050457, 0.0025894153)
(562965, 0.000114, 0.009614, 8.140450902786547, 0.9613178, 0.009242109114170073, [nan, nan, nan], 0.4138059, 0.0027104025)
(582301, 0.000175, 0.009154, 8.142277450461068, 0.9368043, 0.008575506512641906, [0.6051222, 0.19063929, -0.77297086], 0.30405334, 0.005530082)
(68549, 0.000204, 0.009639, 8.145554825963599, 0.9779049, 0.009426025483489036, [nan, nan, nan], 0.53515893, 0.00081716024)
(361471, 0.000203, 0.009655, 8.146260207471874, 0.97414285, 0.009405349211394787, [-0.6604151, 0.5337583, -0.5281609], 0.46320018, 0.0018146539)
(405321, 0.000221, 0.009617, 8.145378301428334, 0.9303067, 0.008946759274721145, [-0.9054899, -0.42383707, -0.02121538], 0.7104361, 0.005833102)
(416494, 0.000332, 0.00964, 8.151209610689623, 0.9430062, 0.009090579936504363, [-0.4208065, -0.9064194, 0.03641066], 0.8665259, 0.0046493886)
(432294, 0.000138, 0.009267, 8.145643061332025, 0.91890115, 0.008515456914961337, [-0.9506076, -0.1325707, 0.28066027], 0.483917, 0.007660065)
(491418, 0.001241, 0.008678, 8.148895231119605, 0.5473871, 0.004750225454330444, [0.16802154, -0.6133818, 0.7717069], 3.505831, 0.032005046)
(499950, 0.000115, 0.009698, 8.144229139702531, 0.92914236, 0.009010822567701339, [0.74608976, 0.62653625, -0.22539407], 0.44355062, 0.0058246274)
(538074, 0.000192, 0.009798, 8.151949353986792, 0.94759643, 0.009284549828767776, [-0.8051581, 0.44556594, -0.3913968], 0.516507, 0.0045527816)
(545106, 0.000164, 0.00965, 8.144229139702531, 0.93492895, 0.00902206440269947, [0.6595536, -0.32477233, 0.67787313], 0.24922122, 0.006430192)
(556315, 0.000172, 0.009811, 8.151731913196237, 0.9691661, 0.009508488607347012, [nan, nan, nan], 0.58062166, 0.0025278344)
(578018, 0.00011, 0.009881, 8.152036299829305, 0.9724128, 0.009608411120176314, [nan, nan, nan], 0.20943633, 0.00060820003)
(580362, 0.000105, 0.009782, 8.147535798602629, 0.97363573, 0.009524104741454124, [nan, nan, nan], 0.15438946, 0.0010426217)
(587154, 0.000171, 0.009685, 8.146128035678238, 0.9667983, 0.00936344158887863, [nan, nan, nan], 0.41190335, 0.002369272)
(589359, 0.000158, 0.009841, 8.152427340857887, 0.97998923, 0.009644074018657207, [-0.20097391, -0.57638067, 0.7920826], 0.17518565, 0.0012916034)
(608760, 0.000168, 0.00975, 8.148851444812978, 0.96616256, 0.009420084983110429, [-0.86793834, -0.36633492, 0.33538312], 0.24209207, 0.0016360985)
(610228, 0.000116, 0.009779, 8.147887027478951, 0.9452317, 0.009243420560598374, [nan, nan, nan], 0.07515114, 0.0042494284)
(626623, 0.000131, 0.00983, 8.150730280956429, 0.94290924, 0.00926879783630371, [nan, nan, nan], 0.64777213, 0.0014854814)
(259352, 0.000496, 0.009555, 8.154636613845902, 0.9094237, 0.008689543538689613, [0.8447989, 0.43910074, -0.30578637], 1.470768, 0.007961232)
(469003, 0.000221, 0.009809, 8.15377157126949, 0.9714497, 0.009528949844181537, [-0.96505183, -0.2617381, 0.012962732], 0.9593081, 0.0016428255)
(513827, 0.000138, 0.009521, 8.15674871464053, 0.9601881, 0.009141950812518597, [-0.6098026, 0.23754974, 0.7561156], 0.15635185, 0.002637837)
(520464, 0.00022, 0.009827, 8.154463743117416, 0.93603843, 0.009198449695885182, [0.8897698, 0.20340092, 0.4085801], 0.8762261, 0.0061007477)
(525461, 0.000104, 0.009991, 8.156533664137546, 0.97536707, 0.009744892388820647, [nan, nan, nan], 0.48715872, 0.0016933051)
(535156, 0.000197, 0.009811, 8.152774637543251, 0.9707823, 0.009524344948768616, [0.7671823, -0.1905948, -0.6124581], 0.3643904, 0.0021290886)
(535820, 0.000128, 0.009924, 8.154679820778426, 0.95428723, 0.00947034648013115, [nan, nan, nan], 0.5208791, 0.004153257)
(544944, 0.000266, 0.009363, 8.155456811411506, 0.9620646, 0.009007811072945595, [nan, nan, nan], 0.08475877, 0.0009001497)
(618121, 0.000142, 0.009895, 8.154031265007685, 0.9584057, 0.009483424139320849, [nan, nan, nan], 0.1411336, 0.002677769)
(100919, 0.00034, 0.009919, 8.163532370673868, 0.91346806, 0.00906068971568346, [0.536052, -0.06610873, 0.84159243], 0.6118857, 0.007574312)
(175945, 0.000899, 0.009338, 8.162600044144666, 0.85760427, 0.008008308628559113, [0.2599509, 0.8803796, 0.3966828], 1.1719826, 0.007418288)
(575779, 0.000358, 0.009964, 8.166191195591821, 0.96122175, 0.009577613562345506, [0.27178448, 0.81834525, 0.5064033], 0.4810557, 0.0028203959)
(602831, 0.000142, 0.009795, 8.168541007216795, 0.97639775, 0.009563815988302232, [nan, nan, nan], 0.18394475, 0.0012447746)
(75691, 0.003312, 0.007153, 8.17212507183808, 0.90481573, 0.006472146941244602, [-0.1342309, 0.49705127, -0.85727596], 1.4582086, 0.0054379525)
(292098, 0.00061, 0.009855, 8.172166573532593, 0.9180203, 0.009047090135514736, [-0.8527642, -0.51746887, 0.07084605], 1.2521118, 0.008379354)
(462173, 0.00086, 0.00954, 8.169460680156668, 0.55298674, 0.005275493509769439, [0.8565762, -0.42875925, 0.28712857], 2.5349576, 0.03518515)
(509018, 0.000783, 0.009671, 8.17170983661962, 0.97853684, 0.009463429820775988, [0.11044352, -0.8075383, 0.57938254], 0.7721146, 0.0011307287)
(572448, 0.000157, 0.009386, 8.170503404503682, 0.98099923, 0.00920765878534317, [0.2911751, -0.88257164, -0.36916697], 0.29024172, 0.00085960457)
(396404, 0.001068, 0.009738, 8.186092304061065, 0.63116056, 0.006146241506695747, [-0.1478909, -0.9141624, -0.377406], 2.167125, 0.031114591)
(449321, 0.000899, 0.009907, 8.203464035999101, 0.35608664, 0.003527750357836485, [-0.42678, -0.31502825, -0.8477122], 2.0159268, 0.049802177)
(1414707, 0.002554, 0.00901, 8.215535423856508, 0.76654553, 0.006906575262546539, [0.14659362, 0.5524455, 0.82055736], 0.45233783, 0.018474355)
(343709, 0.001436, 0.00984, 8.221243770780108, 0.90023845, 0.008858346390724182, [-0.15114136, 0.36820316, 0.9173781], 1.3084337, 0.00086377753)
(457541, 0.00184, 0.009975, 8.224861066826275, 0.71533453, 0.007135461983084678, [0.43645456, 0.8448658, 0.30936906], 2.2069695, 0.025785277)
(638855, 0.000225, 0.000821, 8.234062642360838, 0.9389331, 0.0007708640541434288, [nan, nan, nan], 0.14986306, 0.00030997166)
(60895, 0.004881, 0.00763, 8.249719364949783, 0.9397252, 0.007170103430151939, [0.5307958, -0.70330983, -0.47287533], 1.1395714, 0.0027714616)
(675740, 0.000141, 0.000695, 8.300505317620393, 0.911091, 0.0006332082656025887, [-0.6267094, -0.72036785, -0.2971624], 0.11340473, 0.00051600207)
(609419, 0.000187, 0.003128, 8.322043003080635, 0.94769865, 0.0029644013857841496, [-0.2337847, 0.9721019, 0.01904198], 0.45640588, 0.0011646184)
(631948, 0.000311, 0.001736, 8.323656337582939, 0.96140265, 0.0016689950084686276, [0.98792475, -0.026223235, 0.15269941], 0.19319591, 0.00056015176)
(517038, 0.00038, 0.006745, 8.330309984123213, 0.94560575, 0.006378110816478729, [-0.21274826, 0.30616295, -0.92790216], 0.47183025, 0.0033278277)
(526223, 0.000161, 0.00694, 8.329588540583934, 0.97320205, 0.006754022225141525, [nan, nan, nan], 0.28852275, 0.0009831361)
(613360, 0.000287, 0.001351, 8.34962516834569, 0.9585051, 0.0012949403820633886, [0.48398373, -0.7577333, 0.43772137], 0.2798812, 0.0005255682)
(661811, 0.000222, 0.00195, 8.36408174141107, 0.9641728, 0.0018801369220018385, [nan, nan, nan], 0.069334984, 0.00043705097)
(576437, 0.000106, 0.000539, 8.381827581037669, 0.7404875, 0.0003991227710843086, [nan, nan, nan], 0.16086443, 0.0014420645)
(458723, 0.000163, 0.003561, 8.40365175042972, 0.9690765, 0.003450881467223167, [0.27547383, -0.49139982, 0.8262206], 0.27442563, 0.0009280102)
(701909, 0.000288, 0.004741, 8.403213167544923, 0.9461628, 0.004485757928967477, [0.545022, 0.83837473, -0.008877818], 0.057546683, 0.0025025834)
(642362, 0.000217, 0.003385, 8.411351823734767, 0.95294017, 0.003225702461898327, [nan, nan, nan], 0.23145069, 0.0014989593)
(661388, 0.000469, 0.003648, 8.413118706795364, 0.9677951, 0.0035305164299011234, [-0.0723021, -0.32020155, 0.94458634], 0.11760358, 0.0008511848)
(648484, 0.000362, 0.002747, 8.440721290644104, 0.9051861, 0.0024865462625622745, [0.5947372, 0.77692103, 0.20659474], 0.114155084, 0.00290391)
(675024, 0.000253, 0.004079, 8.448280211501837, 0.8567117, 0.0034945269657969476, [0.20829038, 0.81601256, -0.53920186], 0.058440924, 0.006186055)
(619930, 0.000251, 0.000755, 8.452674902051973, 0.86182773, 0.0006506799370050429, [nan, nan, nan], 0.12844025, 0.0012141094)
(706412, 0.000398, 0.004133, 8.498134262136317, 0.9667876, 0.0039957330543994906, [-0.31220934, -0.8467681, -0.4307078], 0.19147812, 0.001027479)
(630234, 0.000233, 0.006271, 8.50222920272948, 0.97112733, 0.006089939494311809, [nan, nan, nan], 0.1838252, 0.00052582397)
(555514, 0.000174, 0.00703, 8.515606690916574, 0.96918255, 0.006813353332877159, [-0.70759434, -0.6997144, -0.09853866], 0.21010374, 0.0011365972)
(588164, 0.000363, 0.003848, 8.517353374647863, 0.9692106, 0.003729522483825684, [0.5681789, 0.15737864, -0.80771583], 0.1936895, 0.0008287638)
(668127, 0.000166, 0.003318, 8.528365159488665, 0.9532604, 0.0031629180793762207, [nan, nan, nan], 0.06537145, 0.0015993125)
(656677, 0.000557, 0.002379, 8.534408340901352, 0.96645355, 0.002299193000793457, [0.23378526, 0.23891632, 0.94247735], 0.21027544, 0.0005203582)
(555615, 0.00122, 0.006547, 8.541965518189837, 0.92855895, 0.0060792754172086716, [0.9317621, 0.068018205, -0.35664114], 0.5273658, 0.004490106)
(719708, 0.000286, 0.004298, 8.548015804426132, 0.957782, 0.0041165469092130655, [nan, nan, nan], 0.057987235, 0.0014334518)
(421333, 0.015206, 0.009765, 8.54986327551143, 0.091052234, 0.0008891250666975975, [0.6129751, 0.4051123, 0.6783403], 5.7226386, 0.08332127)
(408884, 0.02112, 0.003547, 8.557004508598512, 0.489991, 0.0017379981097579002, [0.2688933, -0.55939865, 0.78407246], 5.1334147, 0.013965877)
(541891, 0.000124, 0.001098, 8.558490386915462, 0.8501427, 0.0009334567036628724, [nan, nan, nan], 0.08152971, 0.0015298106)
(646163, 0.000161, 0.004046, 8.56423217167331, 0.87861097, 0.0035548599789142613, [-0.63615274, 0.6737355, -0.37601885], 0.13625777, 0.004678403)
(646267, 0.000248, 0.007043, 8.56419851847826, 0.97354996, 0.006856712382674217, [nan, nan, nan], 0.07135911, 0.00038789332)
(506808, 0.000303, 0.000692, 8.569500263371076, 0.6712838, 0.0004645283768177032, [-0.03230933, -0.6464593, 0.7622641], 0.091923155, 0.0022468553)
(569684, 0.000944, 0.001, 8.570612583797452, 0.8784917, 0.0008784916996955873, [-0.50129503, 0.5987101, 0.6246995], 0.36346164, 0.00041517577)
(646286, 0.000146, 0.001748, 8.569782763761467, 0.89447266, 0.0015635382072925568, [nan, nan, nan], 0.05063604, 0.0017724007)
(600376, 0.000268, 0.004394, 8.571804745997015, 0.97178304, 0.004270014686346055, [nan, nan, nan], 0.12511522, 0.0011225437)
(66828, 0.018784, 0.007527, 8.572581201332486, 0.8560904, 0.0064437926398515704, [-0.04224692, -0.7282721, 0.6839846], 1.962495, 0.009278037)
(578773, 0.001194, 0.006079, 8.578499205823098, 0.9380861, 0.005702625356137752, [-0.09062177, -0.9426568, 0.32122558], 0.16282502, 0.0035340155)
(664316, 0.00033, 0.005993, 8.577390604118628, 0.9469203, 0.005674893212199211, [-0.1067084, 0.44486633, 0.8892172], 0.06922316, 0.0026528384)
(632333, 0.000213, 0.005656, 8.584305519624728, 0.94245714, 0.005330537580966949, [0.58333856, 0.7882269, 0.1959965], 0.1656517, 0.0028745623)
(605694, 0.001143, 0.004494, 8.587634444098635, 0.764853, 0.0034372493848800656, [0.5660157, -0.37090927, 0.7362422], 0.51312625, 0.009829798)
(574400, 0.000786, 0.006157, 8.594358015408059, 0.95449567, 0.005876829830408096, [0.14753221, -0.94305056, -0.29814425], 0.37904358, 0.0009468482)
(613967, 0.00073, 0.006237, 8.594750296603463, 0.79032034, 0.004929227940738201, [-0.2026, 0.5922526, 0.7798654], 0.21745105, 0.014008858)
(614363, 0.000686, 0.001285, 8.60611253533916, 0.6352783, 0.0008163325956463814, [0.7212329, -0.6922482, -0.024810635], 0.33645985, 0.0043804143)
(575148, 0.000196, 0.004983, 8.614645593504129, 0.97081125, 0.004837552447915077, [nan, nan, nan], 0.5234317, 0.0009986064)
(623502, 0.000596, 0.001912, 8.614240894480508, 0.9658403, 0.0018466866154670716, [nan, nan, nan], 0.16272508, 0.0005925441)
(644624, 0.000245, 0.006182, 8.6135204970685, 0.9706925, 0.006000821130037307, [-0.59751123, -0.31911817, 0.7356248], 0.20880798, 0.00081969233)
(609808, 0.001636, 0.003845, 8.632017045705883, 0.954331, 0.003669402621090412, [-0.80836576, 0.49363932, -0.3207259], 0.38655663, 0.0013437456)
(737328, 0.000156, 0.009017, 8.63438565651586, 0.92540085, 0.008344339492917062, [0.49406707, -0.6128671, -0.61667794], 0.030819416, 0.0051013855)
(456150, 0.003903, 0.001319, 8.637310593858965, 0.89451355, 0.0011798633690476418, [0.15701275, 0.20571932, 0.965933], 3.405164, 0.001212855)
(651552, 0.000946, 0.008887, 8.637509628913733, 0.94822574, 0.00842688212132454, [0.37181965, 0.7576863, -0.5363408], 0.16889836, 0.0033425412)
(703260, 0.000163, 0.008318, 8.637083013474808, 0.9807367, 0.008157767645001413, [0.23007025, -0.23046052, -0.94549227], 0.09855976, 0.00067685865)
(677284, 0.000666, 0.005282, 8.638687752689432, 0.97494805, 0.005149675592660904, [-0.82770663, 0.49054557, 0.27251926], 0.103744656, 0.00060671585)
(769724, 0.000164, 0.004504, 8.639296851526105, 0.9719436, 0.004377634050369263, [-0.64203453, -0.11404921, -0.75814533], 0.030785674, 0.0011171116)
(613057, 0.000792, 0.006611, 8.646735024535218, 0.96505964, 0.006380009266972541, [0.434162, 0.1842697, -0.8817868], 0.12038904, 0.001514999)
(569019, 0.000417, 0.007145, 8.655018314638607, 0.9686777, 0.006921202163398267, [-0.93046194, -0.35098064, -0.10513372], 0.25195745, 0.001584695)
(470622, 0.001415, 0.002657, 8.66149538587505, 0.9659352, 0.002566489748418331, [-0.48638475, 0.59888756, 0.63621026], 0.36086634, 0.00050825696)
(753512, 0.000193, 0.007415, 8.661602971057219, 0.9548759, 0.007080404697954654, [-0.05790069, 0.92735285, 0.36968127], 0.0477576, 0.002719779)
(159782, 0.000881, 0.005808, 8.67281915768947, 0.9624897, 0.00559014031791687, [0.72328395, -0.11688337, -0.680587], 0.3661097, 0.0009839002)
(723277, 0.000388, 0.007727, 8.679902569270096, 0.92920613, 0.007179975788831712, [0.2952814, 0.8930205, -0.3395928], 0.085486375, 0.0048821564)
(661078, 0.00052, 0.006032, 8.68247327928528, 0.9557961, 0.005765362211227417, [-0.52355856, -0.7383427, 0.42513105], 0.09746896, 0.0023168519)
(616548, 0.001023, 0.006985, 8.684174415804605, 0.9442437, 0.006595542447865009, [-0.28825724, 0.60428065, 0.74280053], 0.456322, 0.0032630553)
(656919, 0.000771, 0.009866, 8.683970120040087, 0.9799592, 0.009668277367472649, [0.08310358, 0.8040159, -0.5887719], 0.08065208, 0.0006089723)
(684454, 0.000244, 0.008681, 8.684633730202968, 0.97063774, 0.008426106209695338, [0.024621008, 0.8409026, -0.5406261], 0.06678113, 0.00020137895)
(415128, 0.000409, 0.008217, 8.686428048833259, 0.6978843, 0.005734515467405319, [-0.83004385, 0.18175918, 0.5272484], 0.2525922, 0.024819877)
(651122, 0.000584, 0.007081, 8.685423634723648, 0.85366917, 0.00604483136844635, [0.12105099, 0.82736224, -0.5484691], 0.22481512, 0.010717049)
(574763, 0.000808, 0.00314, 8.690309372599906, 0.8201649, 0.0025753178453445436, [0.934062, -0.28442332, -0.21594356], 0.38925335, 0.0050246622)
(669943, 0.000391, 0.009519, 8.691503439650665, 0.9399562, 0.008947442955493927, [0.1372147, 0.973747, -0.18162817], 0.19070828, 0.0057982784)
(559230, 0.00131, 0.002496, 8.703266945923673, 0.8211599, 0.0020496151084899903, [-0.067394584, -0.43525997, 0.8977788], 0.49365744, 0.004331775)
(667657, 0.000129, 0.001579, 8.704572141888665, 0.88645655, 0.0013997148911356928, [-0.94834197, -0.30329102, 0.093069755], 0.072491, 0.0012225369)
(430107, 0.008618, 0.00458, 8.706989180048874, 0.6001059, 0.0027484849381446837, [0.31026804, -0.15822633, 0.9373891], 3.8483818, 0.014943376)
(564036, 0.000691, 0.005641, 8.707182931772767, 0.9726131, 0.005486510475873948, [0.7152828, 0.6594811, 0.23120368], 0.5151695, 0.00053006836)
(648116, 0.000457, 0.008578, 8.707872470655756, 0.95166916, 0.008163418024897576, [0.30285206, -0.7976303, -0.5216], 0.17129634, 0.0033528502)
(494923, 0.002627, 0.004196, 8.709356703252329, 0.9373528, 0.00393313225030899, [-0.003579818, 0.025085375, -0.99967885], 2.6937277, 0.00245164)
(659693, 0.000391, 0.007464, 8.709597563156402, 0.9625108, 0.007184180791854858, [-0.99285895, -0.08595344, 0.08272358], 0.23640007, 0.001855765)
(599866, 0.000771, 0.00733, 8.71256122309513, 0.9678155, 0.0070940877497196195, [-0.1740121, 0.9846958, 0.009700729], 0.21156089, 0.0015712134)
(519037, 0.004323, 0.004388, 8.71593215754281, 0.5910766, 0.0025936441755294803, [-0.8909843, 0.45092717, 0.053025212], 2.47623, 0.015529277)
(562225, 0.000402, 0.0006, 8.71725904443818, 0.89729714, 0.0005383782863616943, [0.72029316, 0.4149629, 0.5558629], 0.15584178, 0.0002431169)
(536378, 0.000938, 0.009516, 8.71954785279705, 0.965091, 0.009183805861473084, [-0.5418194, -0.33631292, 0.77027625], 0.2346778, 0.0014427445)
(550347, 0.004861, 0.008442, 8.72311035314284, 0.794988, 0.006711288498044014, [-0.9642847, -0.03069663, -0.26308307], 0.9314136, 0.015336452)
(592503, 0.001471, 0.003154, 8.723565276697972, 0.6189559, 0.0019521869407892226, [0.61373454, 0.78340554, -0.098009385], 0.2980465, 0.011190798)
(674083, 0.000549, 0.005925, 8.724566760636261, 0.9037495, 0.005354715938866138, [-0.9240699, 0.19664074, -0.327761], 0.08126809, 0.005069026)
(588968, 0.000667, 0.007486, 8.728676523304017, 0.9448823, 0.007073388700723647, [-0.59461385, 0.4092708, 0.69204897], 0.14238948, 0.003281647)
(623977, 0.000688, 0.007501, 8.72910263531843, 0.9579296, 0.007185430013656616, [-0.98535025, 0.14417766, -0.0910908], 0.18139285, 0.0020833293)
(659000, 0.000255, 0.008001, 8.729861690535376, 0.9058246, 0.007247502637803554, [0.022053922, -0.64805895, 0.7612708], 0.054003354, 0.008048393)
(450847, 0.003192, 0.004895, 8.737978304001016, 0.84950376, 0.004158320883512497, [-0.9073848, -0.20165022, 0.36876816], 0.7950047, 0.007340773)
(484028, 0.000208, 0.003787, 8.741549991063739, 0.7561612, 0.002863582513332367, [-0.6123153, -0.33981904, 0.7138578], 0.15651135, 0.009668939)
(733568, 0.000305, 0.009148, 8.743413990596387, 0.972515, 0.00889656710100174, [0.78157544, -0.6180137, 0.08484594], 0.041859, 0.00051998184)
(428262, 0.001793, 0.002662, 8.751513111233201, 0.5822901, 0.001550056280732155, [-0.6275413, -0.74714285, -0.21901916], 0.41093886, 0.01001846)
(577841, 0.002137, 0.004147, 8.75221219453116, 0.8913819, 0.003696560819685459, [-0.58888465, -0.580316, 0.5625374], 0.2845964, 0.004075595)
(559351, 0.000517, 0.008926, 8.753008215020888, 0.8488505, 0.007576839461803437, [0.5739118, -0.0050369953, -0.81890166], 0.110274695, 0.0132716745)
(604986, 0.0004, 0.002978, 8.75419408442831, 0.7742618, 0.00230575155889988, [-0.28625146, -0.5891025, -0.7556575], 0.14466889, 0.0066526863)
(685583, 0.000113, 0.005497, 8.75448733218585, 0.9528961, 0.0052380699615478515, [0.8697059, -0.05886248, -0.4900478], 0.013206504, 0.0003033071)
(577815, 0.001235, 0.002548, 8.758561388703585, 0.92663616, 0.0023610689342021944, [-0.06346048, -0.7137942, 0.6974744], 0.34884012, 0.001929827)
(528841, 0.000248, 0.005212, 8.762363075953436, 0.807479, 0.004208580672740937, [-0.8842275, 0.4497529, 0.1259524], 0.120507285, 0.0104846805)
(657280, 0.000126, 0.009332, 8.762682825506669, 0.9579732, 0.008939805736303331, [nan, nan, nan], 0.050139185, 0.0033567585)
(606816, 0.000364, 0.001968, 8.766596609307069, 0.8038496, 0.0015819759693145752, [-0.6645733, -0.73294246, 0.1453877], 0.16942321, 0.0033175994)
(553351, 0.000326, 0.002165, 8.76827222373259, 0.9478008, 0.0020519887647032736, [0.8823268, -0.37481344, 0.28463048], 0.30378577, 0.00065188005)
(586753, 0.000818, 0.00733, 8.76748264503761, 0.7039875, 0.005160228222608566, [-0.55577874, 0.31408408, 0.769715], 0.2032286, 0.020054119)
(659849, 0.000452, 0.006286, 8.771196917933127, 0.8535249, 0.005365257668018341, [-0.15430021, 0.9566575, -0.24697743], 0.15266082, 0.00991478)
(451104, 0.000489, 0.007418, 8.778726638254943, 0.9446831, 0.007007659049987793, [0.0877783, -0.4835374, -0.8709113], 0.15657483, 0.0031853586)
(468282, 0.000902, 0.007626, 8.780581177333993, 0.93967885, 0.007165990893244743, [-0.9226308, -0.32873672, -0.20170434], 0.19724308, 0.0032921815)
(723245, 0.000164, 0.009361, 8.78175537465247, 0.94854945, 0.008879371396243571, [0.111097775, -0.77289546, 0.62473184], 0.04266894, 0.0006634738)
(566451, 0.000452, 0.008931, 8.784793512753737, 0.9462039, 0.008450546918928622, [-0.3225485, 0.20637968, -0.92378014], 0.13795838, 0.0018222134)
(94621, 0.001247, 0.002958, 8.785936194045235, 0.9186154, 0.0027172643555402757, [-0.41838223, 0.7705851, -0.48078585], 0.41098517, 0.0021842835)
(283857, 0.039225, 0.0043, 8.791166120647256, 0.51676124, 0.002222073346376419, [-0.28583816, -0.6062487, -0.74213153], 3.3749778, 0.017350374)
(675377, 0.000346, 0.006602, 8.791335714323074, 0.96252996, 0.006354622778058053, [-0.5640626, -0.7475951, 0.35062078], 0.08211133, 0.002023069)
(661554, 0.000526, 0.008424, 8.793713017905288, 0.9648126, 0.00812758114671707, [0.84973806, 0.52664864, 0.024217417], 0.07220573, 0.001138796)
(612406, 0.00024, 0.004793, 8.794218628284542, 0.9584698, 0.004593945790231228, [0.4251094, 0.65878534, 0.62071246], 0.33565584, 0.0015401754)
(444844, 0.006655, 0.000222, 8.799350341336382, 0.20911455, 4.6423430442810064e-05, [0.17993112, -0.9825671, -0.046762645], 1.6222827, 0.0013404626)
(685909, 0.000205, 0.008989, 8.80044563750957, 0.96329707, 0.008659077353894712, [-0.72091115, -0.54285616, -0.4308067], 0.029844793, 0.0027734635)
(541430, 0.002003, 0.003189, 8.808659741179921, 0.81947386, 0.0026133021479845045, [-0.3235918, 0.7780559, 0.5384398], 0.5821651, 0.0058764415)
(541028, 0.000977, 0.001426, 8.815666406221732, 0.8406779, 0.0011988067096471784, [-0.21164516, 0.53329355, 0.81902647], 0.23322308, 0.0014660065)
(658098, 0.000121, 0.004966, 8.816034048982408, 0.9347429, 0.004641933378219604, [0.85311365, 0.20476364, 0.47986344], 0.032129303, 0.0026916726)
(677212, 0.000238, 0.006572, 8.815656975390755, 0.9541094, 0.006270406784296035, [-0.97231615, 0.22556128, 0.06101884], 0.1911187, 0.0009812982)
(551019, 0.000727, 0.006202, 8.816777808885632, 0.91266876, 0.005660371677994728, [-0.5269137, -0.807552, -0.26499367], 0.31377023, 0.0042588864)
(672989, 0.000354, 0.009593, 8.816137686849958, 0.9533157, 0.0091451572727561, [0.10499676, -0.05013554, 0.993208], 0.2110878, 0.0034038427)
(594383, 0.000753, 0.008312, 8.820263051347407, 0.9066674, 0.0075362195229530336, [-0.30738226, 0.60308784, -0.7360714], 0.30558324, 0.0068117795)
(463772, 0.004066, 0.002856, 8.820841215520188, 0.8864607, 0.002531731820583343, [0.6145345, -0.48448727, 0.62259084], 2.0998247, 0.0028902427)
(640205, 0.000168, 0.009909, 8.821474447288987, 0.96836233, 0.009595502341747284, [nan, nan, nan], 0.03262367, 0.0021080775)
(650390, 0.000369, 0.008376, 8.821390690196656, 0.9706982, 0.008130567937374116, [0.5764528, -0.6839027, -0.44719037], 0.054030556, 0.0012445844)
(553458, 0.000624, 0.00137, 8.824210914626372, 0.7512388, 0.0010291971874237058, [0.23331045, -0.6129859, -0.7548606], 0.23950018, 0.0020847183)
(652258, 0.000166, 0.007556, 8.824173925061414, 0.9519881, 0.0071932220911979676, [nan, nan, nan], 0.09933607, 0.0025984033)
(147289, 0.000316, 0.009747, 8.825429806215961, 0.96858835, 0.00944083066892624, [0.049308334, -0.9721799, 0.22898646], 0.06795645, 0.0015489693)
(580340, 0.000899, 0.003566, 8.826663676664817, 0.9337658, 0.003329808944821358, [0.22219831, 0.8110654, 0.54111093], 0.34154665, 0.002556048)
(462550, 0.002423, 0.000454, 8.828269814112527, 0.8274298, 0.00037565311622619625, [-0.0415236, 0.9859321, 0.16190632], 1.072081, 0.0004146661)
(673521, 0.000717, 0.008771, 8.828260653037951, 0.9777961, 0.008576249397754667, [0.5116962, 0.70866907, 0.4857522], 0.05487521, 0.0008592306)
(705550, 0.000353, 0.008407, 8.829650923406154, 0.9505701, 0.007991442885398865, [0.27375382, 0.576209, 0.77009225], 0.05874116, 0.0020100013)
(632328, 0.000552, 0.008402, 8.831437095943523, 0.9258671, 0.00777913521194458, [-0.4455667, 0.16587208, -0.87974805], 0.16698653, 0.0054878676)
(580329, 0.000273, 0.009923, 8.834689778259836, 0.96400356, 0.009565807354927063, [-0.90377754, -0.36405393, -0.22505741], 0.09865922, 0.0011591983)
(558978, 0.000216, 0.007131, 8.836823819276908, 0.952475, 0.006792099305927754, [-0.6589868, -0.363243, -0.6586281], 0.3002864, 0.0025881918)
(681428, 0.000379, 0.005975, 8.839777910415915, 0.96251863, 0.005751048828661442, [-0.57006377, -0.41609928, 0.7084411], 0.07977381, 0.0018000624)
(576400, 0.001396, 0.004568, 8.840223752239183, 0.9677456, 0.004420661910533905, [-0.51664346, 0.7831594, -0.346036], 0.5786123, 0.00045387505)
(270442, 0.012884, 0.006847, 8.845018717625889, 0.59639406, 0.004083510142803192, [0.16661984, 0.82226497, -0.5441674], 2.8077717, 0.022478022)
(557710, 0.000507, 0.007297, 8.848696337603421, 0.9692273, 0.007072451710224152, [-0.36020732, 0.9114757, 0.19865201], 0.056422926, 0.0012295225)
(609952, 0.000698, 0.008715, 8.858786618324745, 0.8952823, 0.007802385489642621, [0.3985947, 0.41708383, -0.81680065], 0.31428918, 0.00779441)
(630463, 0.000983, 0.008964, 8.859580053051559, 0.92718685, 0.008311302894115448, [0.26780173, 0.7743242, -0.5733275], 0.30554157, 0.005505208)
(520324, 0.000137, 0.003362, 8.875718787335472, 0.9443514, 0.0031749093230962755, [-0.46209642, -0.20172787, 0.8635813], 0.07314031, 0.00094808626)
(487683, 0.000838, 0.007625, 8.880245026979864, 0.9657055, 0.00736350454390049, [0.3698955, -0.73991334, 0.5618767], 0.10982058, 0.0005327139)
(563878, 0.000725, 0.008568, 8.883403310639688, 0.9576653, 0.00820527649784088, [-0.74684685, 0.02662714, -0.66446275], 0.17486204, 0.0003192221)
(517197, 0.00044, 0.001468, 8.884289971669087, 0.93308747, 0.0013697724032402038, [-0.2553979, -0.5279887, 0.8099383], 0.163759, 0.00053231895)
(513403, 0.007351, 0.005729, 8.88549614497649, 0.48243356, 0.0027638618509769433, [0.0951166, -0.86039585, -0.5006714], 2.3703496, 0.02559619)
(666276, 0.000274, 0.006595, 8.885182862036137, 0.97514635, 0.006431090199649334, [0.42306963, 0.901272, -0.0933852], 0.117555946, 0.00064834906)
(414963, 0.000588, 0.004056, 8.888552822580158, 0.96710235, 0.003922567126750946, [0.5608919, -0.8047344, 0.1944292], 0.14083798, 0.00089786376)
(661363, 0.000166, 0.007559, 8.888504977861833, 0.9326719, 0.0070500669265985486, [nan, nan, nan], 0.04845034, 0.004382474)
(557816, 0.000715, 0.008869, 8.88926190096828, 0.9634792, 0.008545097209870815, [-0.23355097, 0.29321876, -0.9270797], 0.09391825, 0.001308566)
(495711, 0.003986, 0.004495, 8.898952563350777, 0.9447803, 0.004246787404119968, [0.58880585, 0.03141461, 0.8076638], 4.127155, 0.0021033196)
(596156, 0.001556, 0.008885, 8.899473845945229, 0.90111786, 0.008006432197391987, [-0.5138711, -0.4512478, -0.72959715], 0.29904747, 0.007737961)
(557151, 0.000286, 0.005717, 8.906064013044103, 0.91538274, 0.005233243141055107, [-0.4466778, 0.89192283, 0.0703743], 0.0349581, 0.004119826)
(573398, 0.000761, 0.008193, 8.908385999660178, 0.959699, 0.007862813702881336, [0.7591766, 0.15893249, -0.6311825], 0.07429853, 0.0005027123)
(507946, 0.007616, 0.004858, 8.919516387264284, 0.9392378, 0.004562817103266717, [-0.47910598, -0.6481717, -0.5918876], 2.5991611, 0.0024443704)
(627344, 0.001118, 0.008785, 8.934942962349282, 0.93816185, 0.008241751852035522, [-0.60435915, 0.73290217, 0.31241703], 0.16924754, 0.003794857)
(526761, 0.000919, 0.009082, 8.935637495709921, 0.9650948, 0.008764991016864777, [-0.43281338, 0.45356485, 0.7790709], 0.37297395, 0.0013333127)
(522163, 0.000884, 0.005836, 8.94053912271213, 0.945468, 0.005517751297712327, [-0.04879131, 0.1506056, -0.98738915], 0.33198977, 0.001953955)
(538103, 0.001554, 0.000493, 8.96302273974466, 0.7213342, 0.00035561776995658874, [0.67611104, 0.5474191, 0.49315962], 0.15804622, 0.00097313686)
(659051, 0.000496, 0.009301, 8.967666287054408, 0.85882276, 0.007987910518348216, [-0.6531269, -0.6779581, 0.33733955], 0.12701993, 0.011834675)
(493114, 0.007831, 0.004655, 8.97377707726302, 0.880445, 0.004098471491336823, [0.6742587, 0.34543228, 0.6527265], 0.49152562, 0.005582666)
(452768, 0.009112, 0.005629, 8.976989203646468, 0.8490968, 0.00477956574678421, [0.6405132, 0.73844564, -0.21081008], 1.8770758, 0.008073479)
(481646, 0.00478, 0.002106, 8.97750926236343, 0.9407176, 0.001981151219129562, [0.4216886, 0.20076562, 0.8842352], 1.0964555, 0.00096398324)
(539486, 0.000749, 0.009451, 8.981840477787232, 0.861145, 0.008138681579589843, [0.6280172, 0.53046596, 0.56938595], 0.13812315, 0.011716888)
(350939, 0.01052, 0.000183, 8.987864235659746, 0.26853004, 4.9140997499227525e-05, [-0.7224132, -0.6783994, -0.13376684], 2.7303004, 0.0010421404)
(583011, 0.003996, 0.007348, 8.989137465192584, 0.84746486, 0.006227171787500382, [-0.8537471, -0.43602255, -0.2846053], 0.52824306, 0.010686865)
(553273, 0.001523, 0.006929, 8.990356516060372, 0.9041813, 0.006265072238743305, [0.19455017, 0.9256793, 0.32445028], 0.28735286, 0.007084811)
(602007, 0.002024, 0.006502, 8.990829318791619, 0.8821374, 0.005735657490491867, [-0.8763334, 0.10323998, 0.4705117], 0.30222142, 0.007291576)
(561379, 0.000334, 0.007215, 9.00927701958306, 0.9426132, 0.00680095412582159, [0.04757572, 0.85574174, 0.51521116], 0.20161006, 0.00060728844)
(439046, 0.012386, 0.007527, 9.021259795698922, 0.79783636, 0.006005314306676388, [0.40938103, -0.7466798, -0.5242866], 4.5889635, 0.014515385)
(448177, 0.000578, 0.004132, 9.026398606045746, 0.7184087, 0.0029684647641181946, [nan, nan, nan], 0.23328228, 0.0115799485)
(533154, 0.000331, 0.005337, 9.026845372307235, 0.8928068, 0.00476491004115343, [0.73317975, 0.2134838, -0.6456564], 0.16610321, 0.0045499527)
(654739, 0.001082, 0.008082, 9.026665560636467, 0.758686, 0.006131700301051141, [-0.21223763, -0.9371531, -0.27694628], 0.10527583, 0.019385748)
