(2171, 0.000172, 0.00053, 8.267938003242886, 0.65551305, 0.0003474219155311585, [nan, nan, nan], 0.022051018, 0.0013595436)
(22690, 0.00013, 0.000966, 8.266370693164724, 0.6963881, 0.0006727109291553496, [nan, nan, nan], 0.02197697, 0.0007995356)
(31000, 0.000103, 0.000862, 8.261972141736235, 0.4069048, 0.00035075192624330526, [nan, nan, nan], 0.04229257, 0.00074557605)
(49283, 0.000171, 0.002149, 8.263084378415918, 0.7423268, 0.0015952602847218512, [nan, nan, nan], 0.051826485, 0.0010673968)
(76688, 0.000147, 0.000366, 8.26160076228336, 0.6732543, 0.00024641107785701753, [nan, nan, nan], 0.022195915, 0.0013445658)
(84138, 0.000113, 0.001244, 8.260315366040686, 0.637103, 0.0007925561583042145, [nan, nan, nan], 0.02717633, 0.0038945994)
(156903, 0.000157, 0.001195, 8.260145951378151, 0.7662275, 0.0009156418430805207, [nan, nan, nan], 0.08181023, 0.0011171154)
(159560, 0.000107, 0.000444, 8.262882365318903, 0.3022629, 0.00013420472860336304, [nan, nan, nan], 0.011738425, 0.002481957)
(186089, 0.000107, 0.000867, 8.262275761613994, 0.68543446, 0.0005942716773748398, [nan, nan, nan], 0.0023317137, 0.0017387953)
(191548, 0.000102, 0.000265, 8.27145216097267, 0.48360214, 0.00012815456613898276, [nan, nan, nan], 0.009397346, 0.0012698034)
(210415, 0.000111, 0.001133, 8.271320066231509, 0.7211759, 0.0008170923049449921, [nan, nan, nan], 0.04444047, 0.0018768394)
(215261, 0.000152, 0.001331, 8.264562943539799, 0.39146027, 0.0005210336189568043, [-0.0010867226, 0.9820485, -0.1886253], 0.012780705, 0.004469657)
(232811, 0.000124, 0.000245, 8.27151819327961, 0.2657981, 6.51205325126648e-05, [nan, nan, nan], 0.04705005, 0.0013804035)
(237294, 0.000347, 0.000729, 8.265702033322238, 0.35560408, 0.00025923537603020667, [nan, nan, nan], 0.08475538, 0.0024860057)
(241464, 0.00036, 0.00123, 8.268137678870268, 0.7501423, 0.0009226749998331069, [-0.9579826, -0.012033771, -0.2865738], 0.04214043, 0.0016746086)
(248255, 0.000229, 0.000389, 8.26513286188878, 0.27897575, 0.00010852156868577004, [nan, nan, nan], 0.2551856, 0.0021628034)
(253291, 0.000716, 9.3e-05, 8.271485178381125, 0.06759301, 6.286149770021438e-06, [-0.15626852, -0.9819593, -0.10647106], 0.3224922, 0.0006468419)
(256201, 0.000107, 0.000555, 8.266604481102336, 0.78921854, 0.00043801629245281224, [nan, nan, nan], 0.005387259, 0.00044560168)
(259486, 0.000134, 0.001548, 8.271220968802236, 0.7331596, 0.0011349310634136199, [nan, nan, nan], 0.014354269, 0.00065276504)
(271879, 0.000164, 0.000431, 8.26436161719057, 0.6423121, 0.0002768365191817284, [nan, nan, nan], 0.12312339, 0.00094094593)
(284225, 0.000409, 0.000773, 8.269234256820232, 0.42190084, 0.00032612934824824343, [0.4414452, -0.15500912, 0.88379765], 0.27277064, 0.0037792998)
(286053, 0.000256, 0.000986, 8.271220968802236, 0.05818704, 5.73724228516221e-05, [-0.94526994, 0.1300963, -0.29923183], 0.1648891, 0.007612147)
(294834, 0.000311, 0.000926, 8.271088803712384, 0.6123842, 0.0005670677692890167, [nan, nan, nan], 0.0421634, 0.0007607701)
(300871, 0.000131, 0.000521, 8.266270459795376, 0.65191793, 0.00033964924383163454, [nan, nan, nan], 0.007005852, 0.0011746055)
(301684, 0.000103, 0.001372, 8.264328053723501, 0.5304167, 0.0007277317495346069, [nan, nan, nan], 0.03387736, 0.003997669)
(303139, 0.000177, 0.000461, 8.26580239795279, 0.7806617, 0.0003598850446939468, [-0.60968083, 0.4506221, -0.6520959], 0.03796964, 0.00062889187)
(303152, 0.000112, 0.000871, 8.26257916937616, 0.6300213, 0.0005487485297322273, [nan, nan, nan], 0.0320064, 0.0028373823)
(309419, 0.00012, 0.001736, 8.262309484056988, 0.7446469, 0.0012927070302963257, [nan, nan, nan], 0.014508661, 0.002953397)
(316328, 0.000172, 0.000926, 8.266470903405965, 0.7351948, 0.0006807903869152068, [nan, nan, nan], 0.04536685, 0.00074749335)
(324719, 0.000113, 0.000818, 8.26082321386535, 0.75429696, 0.0006170149120092392, [nan, nan, nan], 0.0043882695, 0.0005693689)
(328932, 0.000167, 0.001982, 8.272046090610463, 0.7637342, 0.0015137212269306184, [nan, nan, nan], 0.03700068, 0.0016340337)
(328976, 0.000103, 0.001065, 8.268769380046228, 0.68642324, 0.0007310407528281212, [nan, nan, nan], 0.06732342, 0.0013479069)
(333849, 0.000106, 0.000488, 8.264328053723501, 0.22692412, 0.00011073897123336792, [-0.78786093, -0.06762992, -0.61212856], 0.16701052, 0.0029648773)
(340318, 0.000215, 0.001457, 8.270890480633254, 0.72607774, 0.0010578952605128289, [-0.06848208, 0.9855233, -0.1550936], 0.009103618, 0.0024998055)
(359148, 0.000114, 0.003194, 8.26663786910788, 0.76364917, 0.002439095435023308, [nan, nan, nan], 0.025860142, 0.0011038375)
(365203, 0.00033, 0.000411, 8.269201067833787, 0.5572991, 0.0002290499208569527, [-0.3439513, -0.9388589, 0.015539601], 0.10305057, 0.0018421931)
(368865, 0.000121, 0.000834, 8.26166830944609, 0.4947658, 0.0004126346674561501, [nan, nan, nan], 0.07091381, 0.0026125694)
(374409, 0.000228, 0.000984, 8.270228748855216, 0.7388208, 0.0007269996585845947, [nan, nan, nan], 0.20833074, 0.001627672)
(383010, 0.000113, 0.000991, 8.26663786910788, 0.82662404, 0.0008191844195127487, [nan, nan, nan], 0.018732207, 0.00037101388)
(383219, 0.000104, 0.001125, 8.270791285121328, 0.54547924, 0.0006136641427874564, [nan, nan, nan], 0.05505854, 0.0040095034)
(385452, 0.000248, 0.001215, 8.263925089665918, 0.7836185, 0.0009520964893698692, [0.0027054627, 0.93465555, 0.35554424], 0.03043212, 0.00058663386)
(386612, 0.000154, 0.00258, 8.262140845650839, 0.6428639, 0.0016585889375209807, [nan, nan, nan], 0.020312132, 0.0034770921)
(391429, 0.000103, 0.000118, 8.266604481102336, 0.7063463, 8.334886026382447e-05, [nan, nan, nan], 0.037028387, 0.00028084975)
(403223, 0.000131, 0.000469, 8.264529395628779, 0.68022996, 0.0003190278521180153, [-0.49816936, 0.86702967, -0.009322925], 0.03571096, 0.0011409593)
(406177, 0.000196, 0.003224, 8.270328072922407, 0.73935056, 0.0023836661968231203, [nan, nan, nan], 0.024239745, 0.0042999485)
(407741, 0.000123, 0.000475, 8.264428736344076, 0.7688983, 0.00036522669643163677, [nan, nan, nan], 0.0142448805, 0.0005080569)
(409786, 0.000137, 0.000675, 8.271584215548193, 0.67706394, 0.00045701816082000733, [nan, nan, nan], 0.011345431, 0.0018740443)
(412403, 0.000101, 0.0024, 8.269101485653835, 0.7383599, 0.001772063827514648, [nan, nan, nan], 0.008822752, 0.0010927236)
(414420, 0.000114, 0.000177, 8.268935464595234, 0.66433287, 0.0001175869174003601, [nan, nan, nan], 0.040027194, 0.00039141552)
(419138, 0.000227, 0.001698, 8.264630031588423, 0.74407166, 0.0012634336827993394, [0.67010546, -0.46074912, -0.58195263], 0.11467395, 0.0025706918)
(425421, 0.000369, 0.002521, 8.267371756570473, 0.6493806, 0.0016370885538458822, [0.44061822, -0.12515616, 0.88892716], 0.07461428, 0.0051604086)
(436520, 0.000108, 0.000824, 8.26082321386535, 0.479703, 0.0003952752795219421, [nan, nan, nan], 0.039566584, 0.0033780183)
(436867, 0.000117, 0.000218, 8.270394276349656, 0.68255126, 0.0001487961757183075, [nan, nan, nan], 0.029229809, 0.000582793)
(439635, 0.000296, 0.000956, 8.271551205668505, 0.681457, 0.0006514728758335112, [nan, nan, nan], 0.0152067, 0.0023820691)
(442717, 0.000147, 0.00159, 8.273001272063738, 0.7391295, 0.0011752158790826798, [nan, nan, nan], 0.016237078, 0.0015920507)
(461016, 0.000111, 0.001045, 8.268370517796942, 0.67953163, 0.0007101105573773384, [nan, nan, nan], 0.037141968, 0.0004477997)
(490596, 0.000125, 0.000928, 8.26493179962505, 0.79405487, 0.000736882915496826, [0.38966867, 0.5120958, 0.76545155], 0.02680847, 0.00073500257)
(494949, 0.000103, 0.001944, 8.268669698821222, 0.68450457, 0.001330676881313324, [nan, nan, nan], 0.020858921, 0.0015412515)
(501548, 0.000235, 0.00096, 8.269698636513652, 0.6454709, 0.0006196520805358887, [-0.32252234, -0.19855529, 0.9255026], 0.0671145, 0.0021106203)
(511902, 0.000333, 0.001575, 8.264025865738281, 0.67679113, 0.0010659460321068763, [0.086606815, 0.4548878, -0.88632745], 0.043468438, 0.003394886)
(514058, 0.000121, 0.00176, 8.263118038131642, 0.6354231, 0.0011183446979522707, [nan, nan, nan], 0.009392817, 0.0021478802)
(522284, 0.000141, 0.002332, 8.268204217016851, 0.747529, 0.0017432375586032868, [nan, nan, nan], 0.012039617, 0.0016968491)
(530873, 0.000139, 0.001147, 8.272705061197257, 0.7357097, 0.0008438590566515922, [nan, nan, nan], 0.013591666, 0.00069711625)
(537796, 0.000182, 0.000897, 8.265835847676064, 0.7773398, 0.0006972738150358201, [nan, nan, nan], 0.035197508, 0.0005867696)
(541093, 0.000128, 0.000689, 8.271749227321864, 0.7417281, 0.0005110506795048713, [nan, nan, nan], 0.006361921, 0.0007171946)
(543558, 0.000198, 0.000992, 8.269499677443866, 0.7937336, 0.0007873837280273438, [-0.19232304, -0.77930486, -0.5964024], 0.04978771, 0.0005440075)
(546790, 0.000276, 0.000809, 8.266003057658455, 0.7876864, 0.0006372383037209511, [-0.04490272, -0.84048426, 0.53997225], 0.04493899, 0.0005690174)
(547774, 0.000182, 0.001337, 8.26580239795279, 0.7059705, 0.0009438825929164887, [-0.17512561, 0.03197891, 0.9840267], 0.05530909, 0.0022700944)
(564510, 0.000137, 0.003278, 8.270162520188384, 0.7112528, 0.0023314867064952853, [nan, nan, nan], 0.0021234986, 0.00045929098)
(566957, 0.000111, 0.001422, 8.266237043530833, 0.78189796, 0.0011118589020967483, [nan, nan, nan], 0.022334458, 0.0012142991)
(568847, 0.000127, 0.002761, 8.267305090750723, 0.66577363, 0.0018382009928226473, [0.02788872, 0.9994969, -0.01510769], 0.04905334, 0.00042167908)
(589434, 0.000229, 0.000848, 8.265735490776274, 0.692922, 0.0005875978527069092, [nan, nan, nan], 0.023924159, 0.0019531097)
(600849, 0.000107, 0.002291, 8.265702033322238, 0.73486364, 0.0016835725966691968, [nan, nan, nan], 0.0126513075, 0.0005836311)
(612167, 0.000253, 0.002717, 8.270030032547972, 0.69378185, 0.0018850052938461303, [0.6541271, -0.6695637, 0.35185525], 0.04250947, 0.0030293325)
(615350, 0.000196, 0.002212, 8.266003057658455, 0.69801044, 0.0015439991035461425, [0.9053816, 0.42024088, -0.06067674], 0.026514586, 0.0011956979)
(617512, 0.000196, 0.001807, 8.267238414695951, 0.6752245, 0.0012201306408047676, [nan, nan, nan], 0.027357385, 0.0051296195)
(654402, 0.000129, 0.000773, 8.259840838346037, 0.65923345, 0.0005095874575376511, [nan, nan, nan], 0.0052136458, 0.0020713306)
(655755, 0.000173, 0.0025, 8.260078167004375, 0.65733844, 0.0016433461010456085, [nan, nan, nan], 0.026197186, 0.0019047307)
(660071, 0.000109, 0.000675, 8.270658989184914, 0.64949554, 0.00043840949088335036, [nan, nan, nan], 0.05671903, 0.00029575403)
(661563, 0.000207, 0.001787, 8.26690488078669, 0.65397066, 0.0011686455672383308, [nan, nan, nan], 0.03120042, 0.002757325)
(664474, 0.00013, 0.001844, 8.266237043530833, 0.75037074, 0.0013836836462020874, [nan, nan, nan], 0.0014878246, 0.0010032565)
(689390, 0.000123, 0.002587, 8.261330468525202, 0.76368797, 0.0019756607738733293, [nan, nan, nan], 0.006458556, 0.0016813569)
(704225, 0.000144, 0.000318, 8.259874750381497, 0.713465, 0.00022688186216354367, [nan, nan, nan], 0.0071810293, 0.00040208342)
(749541, 0.000119, 0.002896, 8.271551205668505, 0.70967716, 0.0020552250547409058, [nan, nan, nan], 0.014787226, 0.0020580674)
(760437, 0.000203, 0.0029, 8.259739086348562, 0.63683367, 0.0018468176364898681, [0.36787274, -0.9054721, -0.21163633], 0.019301437, 0.0016342339)
(765984, 0.000198, 0.002292, 8.268736155513304, 0.72081554, 0.0016521092162132265, [nan, nan, nan], 0.024019908, 0.0007812991)
(789178, 0.000116, 0.001988, 8.270559740778792, 0.57372594, 0.0011405671663284303, [nan, nan, nan], 0.01172968, 0.0012763785)
(800546, 0.000257, 0.000242, 8.261127637752352, 0.4298864, 0.00010403250896930694, [nan, nan, nan], 0.020947842, 0.0012174121)
(804297, 0.000159, 0.003129, 8.265969620811852, 0.67453694, 0.002110626096010208, [nan, nan, nan], 0.02340347, 0.00036935657)
(818914, 0.000106, 0.001388, 8.264965316467196, 0.7367646, 0.001022629278421402, [nan, nan, nan], 0.023264319, 0.0005069689)
(925757, 0.000107, 0.00178, 8.263319941660106, 0.59582317, 0.0010605652403831481, [nan, nan, nan], 0.009917936, 0.00091061636)
