(57813, 8.153468398843982, 0.000135, 0.007072553925812244, 0.16403142, 0.011227375, 220.93572657442544, 1346.9110160384234)
(107655, 8.156146304681002, 0.000105, 0.007499505005657673, 0.2647131, 0.000496075, 10.540056446918749, 39.81690534740726)
(151469, 8.154852605535789, 0.000236, 0.007771477912664413, 0.1137034, 0.001989479, 28.17364191872566, 247.78187739967026)
(378477, 8.152557609663114, 0.000205, 0.007902775132298468, 0.23045246, 0.005777667, 68.67388318583124, 297.9958781339598)
(712184, 8.155758599419215, 0.000108, 0.00020616156935691834, 0.029220045, 0.0005949176, 18.941304121258863, 648.2298066706901)
(24067, 8.164124628972031, 0.00031, 0.007046172591090203, 0.15178208, 0.0025740992, 22.854392774109566, 150.5737223663661)
(47559, 8.161240349909978, 0.000331, 0.0081376891361475, 0.12140311, 0.00031242048, 3.037964643712723, 25.023779404932235)
(92994, 8.161580672765597, 0.000579, 0.0070342948093414315, 0.15800948, 0.017717266, 82.73152454672267, 523.5858288168702)
(144763, 8.163913200857294, 0.000738, 0.007550053105354309, 0.20523651, 0.004041721, 13.5837644278054, 66.18590633706157)
(152469, 8.1627272974977, 0.000445, 0.005091414799690247, 0.2601806, 0.039208967, 197.28165296267906, 758.2488969687943)
(183586, 8.161495617050106, 0.000467, 0.007883832817196845, 0.28737423, 0.0069781677, 33.20328320194412, 115.54022502972556)
(192037, 8.162854513574937, 0.000446, 0.008316460940539836, 0.22698534, 0.0033208735, 18.31466120676749, 80.68653775952001)
(211288, 8.161070088423173, 0.000419, 0.0008136796469688416, 0.20838554, 0.00045689286, 2.704646563340162, 12.97905105767013)
(254153, 8.162642466072114, 0.000338, 0.00806565576195717, 0.27533066, 0.0027691568, 18.243442275171027, 66.26011892453614)
(1644182, 8.162175596806442, 0.000988, 0.006722292346060276, 0.2705643, 0.015776101, 35.58623232132847, 131.5259711696202)
(9781, 8.172083566177237, 0.000483, 0.0005351202995777129, 0.20737338, 0.0012744212, 6.544493322129137, 31.558984678405377)
(171535, 8.17212507183808, 0.000559, 0.008061364174485207, 0.22725798, 0.0056530344, 24.85599352220206, 109.37346852331461)
(252556, 8.170336736754576, 0.00043, 0.006457165612876415, 0.22448102, 0.026702382, 153.77733159266268, 685.0348933404821)
(614345, 8.173327013720424, 0.00021, 0.0007545081787109375, 0.054111253, 0.0017303657, 24.073464480847075, 444.8883207499756)
(628388, 8.168499157591912, 0.000192, 0.0006649891457557678, 0.04409683, 0.0012603034, 20.3818399284062, 462.20646537191465)
(2033110, 8.169418919064093, 0.00055, 0.00669226325494051, 0.09578032, 0.0008524485, 4.910310448763637, 51.266381744847344)
(389323, 8.192198267789466, 0.000265, 6.594208836555481e-06, 0.15530533, 0.00079733017, 8.198396833328463, 52.78889548303631)
(404969, 8.177938013710468, 0.000148, 0.008290686980724335, 0.11456778, 0.0012206782, 27.45052243504034, 239.60071876264288)
(441566, 8.177856102265128, 0.000311, 0.0004740579128265381, 0.14882924, 0.00061219395, 5.470264669461815, 36.75530876501025)
(454119, 8.178060851918586, 0.000283, 0.0007052390341758728, 0.16565736, 0.0037302128, 34.8485701655028, 210.3653599544434)
(576027, 8.193306465373675, 0.000253, 0.000845618968605995, 0.1303037, 0.0011313834, 13.755205013209716, 105.5626587212007)
(667657, 8.18403775558137, 0.000173, 0.0005936652581691741, 0.043388274, 0.0024013221, 43.0612008753628, 992.4617161623624)
(253201, 8.206465551542758, 0.00036, 0.0011790049084424972, 0.101600155, 0.0005564479, 5.009506650278967, 49.306092596797384)
(518586, 8.221280834529386, 0.000375, 0.00011745335787534714, 0.101153836, 0.0014010319, 12.08761766133982, 119.49737290575733)
(540344, 8.221243770780108, 0.000259, 0.001070944910824299, 0.064909175, 0.0016516831, 18.468217384648238, 284.52398886056153)
(575666, 8.223904308556806, 0.000191, 0.000471907463669777, 0.21199536, 0.0007087772, 9.204210528230133, 43.41703765700406)
(589007, 8.21834300904648, 0.000122, 0.0019081186807751657, 0.022648614, 0.00028820377, 8.36580752311673, 369.37392827290574)
(622593, 8.227645719969424, 0.000265, 0.0006943257966041565, 0.03719405, 0.002723549, 31.69732032840868, 852.2148120037662)
(348577, 8.233486463859208, 0.000336, 9.613619109988214e-05, 0.21788506, 0.0013430507, 9.914328449696898, 45.502561991615664)
(476696, 8.23871596987957, 0.000104, 0.0007768894525766372, 0.053198863, 0.002006799, 56.61645932864938, 1064.2419054830057)
(449565, 8.251935334585852, 0.000154, 0.0008063831904530525, 0.049765658, 0.0005934522, 11.562328821002046, 232.33549571477687)
(450749, 8.247073130463843, 0.000283, 0.0016896894407868385, 0.03619797, 0.00058982056, 6.525274644512444, 180.26631450637828)
(486711, 8.24591906786882, 0.000284, 0.0004631886261701584, 0.096884765, 0.001307958, 14.654439924632694, 151.25639128745055)
(540205, 8.253555516696645, 0.000201, 0.001015018761098385, 0.05606929, 0.0028754997, 41.412888554647864, 738.6019789914917)
(558715, 8.249892895332044, 0.000146, 0.001836292908668518, 0.100546055, 0.0020841076, 46.07540997082541, 458.25179288063975)
(747847, 8.252556544217695, 0.000238, 0.0009861858647465705, 0.029064426, 0.0005187115, 7.499512648113765, 258.03064709118166)
(787501, 8.252004401774597, 0.000202, 0.0014021508328914644, 0.042057198, 0.0010754839, 16.48941065808749, 392.0710708803637)
(75130, 8.260416983125399, 0.000719, 0.001017741501927376, 0.2688321, 0.0008630009, 2.675799719517862, 9.953423417508036)
(338155, 8.269167876310831, 0.000353, 8.06854855120182e-05, 0.17642124, 0.0022686035, 16.4501303701817, 93.24348003778742)
(419642, 8.263420858235882, 0.000146, 0.00045979422521591186, 0.06968899, 0.003519643, 70.22661265620242, 1007.7145996261736)
(482637, 8.272276844069406, 0.000277, 0.0009551674383878709, 0.20409647, 0.0016973922, 15.198915670798511, 74.46927264738342)
(535471, 8.263589000435475, 0.000148, 0.00033548265546560287, 0.05977177, 0.0007696279, 14.798571825457117, 247.58463444293378)
(544735, 8.26160076228336, 0.000211, 0.002060809654474259, 0.027504366, 0.0017182238, 28.21955446117795, 1026.0027248465915)
(610172, 8.266370693164724, 0.000305, 0.0021402818359136577, 0.029795846, 0.0016938266, 19.04614003653209, 639.2213208690933)
(668542, 8.263488122927708, 0.000156, 0.001464181308746338, 0.03440517, 0.00047870635, 9.865628460510893, 286.748429393341)
(349949, 8.282921929381358, 0.000157, 0.0007366563217639922, 0.0728545, 0.0017366724, 32.15515282039562, 441.361244952551)
(545455, 8.285007188517625, 0.000225, 6.065500223636628e-05, 0.08519698, 0.00055714307, 7.516996543158664, 88.23078638654403)
(629235, 8.276670649804537, 0.000145, 0.0006232529243826866, 0.025488464, 0.0018153426, 43.78013135062442, 1717.6449452044044)
(324139, 8.30044354909776, 0.000236, 0.0008390162238478661, 0.06530454, 0.00092615606, 11.380186772412982, 174.26333257095118)
(391353, 8.290287623010748, 0.00026, 0.0020802892944216727, 0.06180848, 0.006672491, 73.54331695468109, 1189.858041399515)
(435340, 8.299268274892954, 0.000266, 0.0015497646566629412, 0.14760675, 0.00044659892, 4.698593308865888, 31.83183227640936)
(448723, 8.296752419258375, 0.000229, 0.0003410615272521973, 0.08952926, 0.0012080371, 16.30014944886883, 182.0650527980331)
(490829, 8.293249520967198, 0.000188, 0.001745727544426918, 0.06550753, 0.0010675236, 16.47759911874223, 251.5374815497125)
(679792, 8.300999149790044, 0.000175, 0.000905817900300026, 0.033323042, 0.0007350093, 13.71640626753388, 411.61927135985616)
(176514, 8.308249030575855, 0.000265, 0.0001977330780029297, 0.070428796, 0.00040100396, 4.40598550669289, 62.55943246130304)
(347403, 8.304746268282534, 0.000128, 0.00025198578488826753, 0.104260065, 0.0016985585, 43.44908522987478, 416.737561307628)
(401818, 8.30587632945887, 0.000159, 0.00217513974237442, 0.027917147, 0.00047112824, 10.249083386500336, 367.1250284457914)
(492063, 8.304746268282534, 0.000272, 0.0012427402433156968, 0.11185842, 0.00242618, 30.05351744833651, 268.6746107117954)
(518646, 8.306790441524205, 0.000365, 0.0016295635337829591, 0.055928826, 0.0017054168, 13.53456278678746, 241.9961897070298)
(583850, 8.31280582232075, 0.000266, 1.6129367291927335e-05, 0.09556333, 0.00055963476, 6.659692595983344, 69.68878748766231)
(686788, 8.307246777052061, 0.000445, 0.002974071171283722, 0.060676582, 0.0010428025, 6.689451402686695, 110.24766363218508)
(709105, 8.304776849170613, 0.00031, 0.0020297399122714997, 0.03431509, 0.0011476502, 11.917868774207532, 347.30693622565263)
(318580, 8.325380368404243, 0.000302, 0.0007099890576601028, 0.03198717, 0.0013508571, 14.888286308390878, 465.44556171711594)
(347703, 8.323539206038326, 0.00017, 0.0011611002593636512, 0.040238876, 0.00040300007, 7.325050721357213, 182.03914844334153)
(358275, 8.317226160551343, 0.000241, 0.0016721653304696083, 0.056245953, 0.0014121264, 16.947744540727594, 301.3149148833445)
(378804, 8.32546784840895, 0.000456, 0.001808452564477921, 0.14611368, 0.008425813, 52.15279713547317, 356.93302047743344)
(450998, 8.317107281612147, 0.000361, 0.0005061370368003845, 0.22148038, 0.00680666, 46.76673254367747, 211.15519371818613)
(490746, 8.325380368404243, 0.000148, 0.0011632253618240355, 0.09914961, 0.002269273, 49.223169284444594, 496.45348362383464)
(617881, 8.318531685699504, 0.000152, 0.0016690137745141982, 0.020255119, 0.001761501, 41.76379604329285, 2061.88845611289)
(652893, 8.325263700980598, 0.000207, 0.0008559527863264084, 0.056504805, 0.0004905839, 6.846460099446797, 121.16598047629397)
(656640, 8.316988370123445, 0.000144, 0.0006643504902720452, 0.025004018, 0.000516783, 12.576859020756032, 502.9935197117532)
(313078, 8.330511773737099, 0.000211, 0.0008655257624387741, 0.14732029, 0.0022331611, 29.667538984817877, 201.38121493528064)
(404235, 8.338054476532788, 0.000209, 0.0005494313373565675, 0.28817126, 0.0003836113, 4.077938744513498, 14.15109454188283)
(452821, 8.335241292115253, 0.00016, 0.0006670768669247627, 0.07223257, 0.0030958166, 56.26899936195342, 778.9976095541585)
(492562, 8.338479131384167, 0.000224, 0.0008082299785614014, 0.056545526, 0.0011396119, 14.694279760814329, 259.86635548874955)
(515198, 8.339835243280442, 0.000143, 0.0026824911446571348, 0.03258455, 0.002620261, 60.47528082043296, 1855.9495472680446)
(579920, 8.337997824500109, 0.000203, 0.0011506584656238556, 0.08000437, 0.0016308397, 23.865982607607958, 298.3084874939701)
(664228, 8.334870526815129, 0.000231, 0.0006862152911424637, 0.054845378, 0.00064074725, 8.076044678860436, 147.25114446034877)
(678962, 8.336778014904844, 0.000204, 0.0015468470274209974, 0.047109835, 0.00060039473, 8.998633389347305, 191.0139016480806)
(177287, 8.344046004227357, 0.000195, 0.0009831964277029037, 0.19488478, 0.0013892541, 17.670842177195354, 90.6732797563532)
(294419, 8.350203952129275, 0.000346, 0.0015173053207993507, 0.051463395, 0.0052721184, 45.16188643630619, 877.5535783503243)
(374367, 8.348105640315387, 0.000159, 0.0015261538609862328, 0.20967864, 0.0025545552, 39.850001266917005, 190.05274579669637)
(393031, 8.345663282497641, 0.000343, 0.0011001796156167984, 0.10542673, 0.0075804046, 72.6842532688365, 689.4290780795013)
(491633, 8.342787057123212, 0.000192, 0.0004729286336898804, 0.022603456, 0.002431705, 44.86052064576542, 1984.675292387386)
(505069, 8.343263088389955, 0.000347, 0.0003319767420291901, 0.11081866, 0.0028738135, 27.79649878732915, 250.8286852352226)
(536085, 8.348575880557012, 0.000184, 0.0011913138155937196, 0.16770159, 0.0005906055, 8.434967968394808, 50.297483574215406)
(550570, 8.346163974327535, 0.000146, 0.002890767846107483, 0.028112514, 0.0019895611, 47.093786174122364, 1675.1894253969022)
(657016, 8.344688059499932, 0.000216, 0.0016445659774541855, 0.048543632, 0.0042392462, 59.40221529805623, 1223.6870800696624)
(211201, 8.35548743845385, 0.000323, 9.289725255966187e-05, 0.23166007, 0.0010231489, 7.693007732096788, 33.20817321732135)
(374113, 8.362504965153175, 0.000439, 0.0027582098534107207, 0.114898846, 0.0006809497, 5.154286138127436, 44.85933773544981)
(451824, 8.362504965153175, 0.000403, 0.0002945089520215988, 0.13405322, 0.0005003232, 3.744141051895964, 27.93025823546771)
(470695, 8.359630700165917, 0.00024, 0.0009281096801161766, 0.1148387, 0.0030871695, 42.75562415900059, 372.3102417477784)
(495100, 8.357902377598778, 0.000119, 0.0025378108012676236, 0.04251233, 0.00238832, 62.193876480220666, 1462.9608981728518)
(510311, 8.354833913497266, 0.000268, 0.00012806876564025877, 0.039137624, 0.0010898646, 12.548347794900948, 320.6210932707859)
(511830, 8.355705061750305, 0.000219, 0.001193864703476429, 0.017584756, 0.0036985232, 62.0961932749977, 3531.251344914749)
(529662, 8.356737285798426, 0.000162, 0.0008666135203242303, 0.0300247, 0.007783443, 164.34282371677753, 5473.5875368206025)
(560642, 8.360519186133583, 0.00019, 0.002174271451234817, 0.022079656, 0.0010647255, 19.91518630867093, 901.9699540912652)
(614368, 8.355215255891729, 0.000366, 0.0036920028623342515, 0.035927463, 0.00059582136, 5.1174947388497065, 142.43963563053995)
(701859, 8.364348425166398, 0.000129, 0.0018427012590169906, 0.014484373, 0.0010778555, 34.024654863454, 2349.0595598065593)
(379717, 8.370358509643669, 0.000112, 0.00210931529790163, 0.01373779, 0.00041273495, 17.018112893862998, 1238.780975241505)
(430877, 8.368936319044488, 0.000382, 0.00010667739677429199, 0.27311707, 0.0009812798, 5.722347317654738, 20.951994387076347)
(601812, 8.36824989601226, 0.000349, 0.0005855245974063874, 0.076853104, 0.0047058044, 39.52478965065543, 514.2900884088614)
(703182, 8.375039776915285, 0.000309, 0.0027117381954193114, 0.04635751, 0.0005376834, 5.348476553209585, 115.37454348194251)
(211279, 8.384431823829718, 0.0003, 0.0006852984226942062, 0.078182034, 0.00078278466, 7.691991922172571, 98.385671600365)
(400269, 8.381853188778583, 0.000233, 0.0009607574586868287, 0.056579363, 0.0022763433, 28.21314812198367, 498.64732697651044)
(413262, 8.384838919278733, 0.000203, 0.0008026111798882483, 0.115342766, 0.00055179646, 9.013007676264214, 78.14107454527502)
(425567, 8.384788053211459, 0.000367, 0.0015830421431660652, 0.06437008, 0.004473526, 35.23634928523624, 547.4026020355457)
(514860, 8.379902684340259, 0.000172, 0.0023388897988200186, 0.097860254, 0.002013267, 37.38775996292397, 382.0525538685397)
(553114, 8.378795216714375, 0.000187, 0.0002678541957736016, 0.061447155, 0.000565827, 8.660341236000857, 140.93966166539127)
(554415, 8.37882100387597, 0.000174, 0.0005017407081127168, 0.121745504, 0.0022729754, 41.97352158291039, 344.7644488203063)
(577859, 8.378356600536152, 0.000233, 0.0019519377297759054, 0.10190597, 0.0028657983, 39.909391866388944, 391.6295764260812)
(583452, 8.378485651285, 0.000219, 0.002200278163075447, 0.036982916, 0.0019753568, 27.90792006046393, 754.6165386327009)
(624607, 8.380108413610758, 0.000281, 0.001827987918138504, 0.108551085, 0.005525284, 65.43683350681901, 602.8206305521406)
(627668, 8.378614663697768, 0.000298, 0.0013267133823037147, 0.17580844, 0.0011381588, 9.79454774318296, 55.71147632720567)
(761155, 8.379233390358616, 0.000135, 0.0036484987266063693, 0.012527382, 0.002474709, 100.87827687916867, 8052.622397813736)
(339096, 8.394968769156272, 0.000849, 0.0010687403823137283, 0.108323656, 0.0006114281, 2.3946396479845222, 22.10634072380757)
(385452, 8.394247659375917, 0.001105, 6.352857369929553e-05, 0.21609515, 0.0070588663, 15.844657300873507, 73.32259562916383)
(432896, 8.396852913030823, 0.000225, 0.001468062299489975, 0.051692843, 0.0027958734, 36.76836822921253, 711.2854719407195)
(441840, 8.39444670583344, 0.000253, 0.0009297328606247902, 0.26416224, 0.01058875, 93.37938244456555, 353.4925447503987)
(446781, 8.392327158034856, 0.000584, 0.0004091490148305892, 0.15361205, 0.0041536, 19.473943581442406, 126.77354140799766)
(473342, 8.388964602346581, 0.000161, 0.0006425652800798417, 0.03756442, 0.0006176773, 11.81456939794543, 314.51488930071145)
(479539, 8.390121849521945, 0.000376, 0.001095500334441662, 0.21934567, 0.0024653466, 16.262986901153994, 74.14318641965438)
(481911, 8.39444670583344, 0.000575, 7.439934808015822e-05, 0.21798104, 0.00057272805, 2.470533693916639, 11.33370908734374)
(499813, 8.39457106355897, 0.000376, 0.00045501869022846224, 0.084948815, 0.003148954, 25.397685850563608, 298.97634064187486)
(565731, 8.392227159304987, 0.000128, 0.0016062820247411725, 0.023705151, 0.00465112, 128.08088647909696, 5403.08249793882)
(566059, 8.388687411858717, 0.000395, 4.8269724845886236e-05, 0.07722468, 0.0003404443, 2.5304536474569375, 32.76742159963547)
(566849, 8.396060585364026, 0.000191, 0.0004515258288383484, 0.11985735, 0.0004311483, 7.321422634897552, 61.08446945387623)
(589806, 8.390799669886214, 0.000163, 0.001623941821038723, 0.07858363, 0.007464461, 135.22851430172074, 1720.8229538610108)
(678127, 8.395241980643418, 0.000284, 0.0021242610172033313, 0.028862499, 0.0008153032, 9.887428561978625, 342.5700789796)
(778032, 8.39372472796788, 0.00012, 0.001993120093345642, 0.011404974, 0.0012203602, 64.31100964780877, 5638.856313728447)
(824255, 8.3906240402369, 0.000217, 0.0019199314563274382, 0.014657771, 0.0033334037, 60.60577693521283, 4134.719865333742)
(457907, 8.403578684033242, 0.000535, 0.0009571664171814919, 0.20967473, 0.003485199, 16.15786484312511, 77.06157457851555)
(468928, 8.403603040864628, 0.000565, 0.0022218107602596285, 0.10175639, 0.0024804473, 14.236931272460541, 139.91191386074667)
(474196, 8.400719463488203, 0.000268, 0.0015592138756513596, 0.06418655, 0.0010686064, 11.519148040286236, 179.4635798354365)
(493187, 8.401796935549404, 0.000463, 0.00037613378340005876, 0.18699063, 0.0014113537, 7.560752947184036, 40.433859959635605)
(535667, 8.40748264441533, 0.000308, 0.0009276901257038115, 0.07561076, 0.0039780065, 37.658817199822465, 498.06161450860253)
(557262, 8.406854562398555, 0.000219, 0.0014987141312360766, 0.08366262, 0.00082648324, 11.383996064886562, 136.07027923446054)
(657401, 8.402432369344783, 0.000126, 0.0024024062004089357, 0.02589301, 0.00302475, 83.79514832825953, 3236.2073134123657)
(766323, 8.403895216341413, 0.000206, 0.0016865948684215547, 0.028485395, 0.0006389333, 10.70074352210818, 375.65719282138025)
(901690, 8.40661275031998, 0.000111, 0.00445545114004612, 0.0076287477, 0.003471481, 284.1295238882793, 37244.5826053835)
(44590, 8.412832673097713, 0.000769, 0.00015541234612464905, 0.046569392, 0.0010467514, 4.177676855252625, 89.70864071518534)
(212585, 8.417079911704784, 0.000258, 2.523800030350685e-05, 0.10924115, 0.00029552003, 3.821787587079391, 34.98487142509385)
(345468, 8.410129909234545, 0.000215, 0.0008415439715981486, 0.06055855, 0.00044135618, 5.857652835027253, 96.72709856869515)
(402496, 8.414949620569939, 0.000485, 9.119291147589684e-05, 0.29287514, 0.0008664547, 3.965884225056232, 13.541211538323912)
(432073, 8.410729316514812, 0.000368, 0.00015396264490485193, 0.23349245, 0.0027413103, 18.000584713220334, 77.09279127963383)
(452550, 8.417669809491688, 0.00051, 0.0019088198057413102, 0.1146438, 0.0011388664, 7.429416146524683, 64.80434307415386)
(489481, 8.417693388745265, 0.000236, 0.0008481075496673584, 0.059706647, 0.0004200686, 5.064210741496189, 84.81820694932324)
(509106, 8.412331660373157, 0.000411, 0.0014981262177228927, 0.22657819, 0.0031941012, 19.13664782524103, 84.45935517995368)
(530305, 8.414308490241556, 0.000254, 0.002574001190423965, 0.097648926, 0.0036518718, 45.885836027246306, 469.9062028316247)
(594038, 8.419223300704555, 0.000304, 0.0011564263343811034, 0.1197945, 0.0016889033, 18.024709071523567, 150.46357780635643)
(594251, 8.419293782079068, 0.000186, 0.0021118456399440762, 0.026168318, 0.0054604616, 102.34821429732725, 3911.149898794689)
(627342, 8.413475984202114, 0.000261, 0.0015669370259046554, 0.03390234, 0.0034389286, 42.671541357292696, 1258.660651662767)
(628338, 8.414807228935251, 0.000318, 0.004607279395461082, 0.036380798, 0.0022400273, 21.9937813795719, 604.5436765727871)
(734125, 8.419082303631113, 0.000187, 0.0022319664394855497, 0.028492434, 0.00046044376, 8.494675203003057, 298.13792682657635)
(809374, 8.410897002408582, 0.00017, 0.002875747938752174, 0.034468483, 0.0004814431, 9.096508318428432, 263.9079972979499)
(341647, 8.424733185259974, 0.000339, 0.0002505904769897461, 0.12958951, 0.00036122097, 3.2897631580278706, 25.38602976450695)
(389897, 8.426423454617167, 0.000657, 0.000339562475681305, 0.12738854, 0.0013559717, 6.444837491828416, 50.59197233776615)
(533487, 8.425752765133009, 0.00019, 0.0014043802487850188, 0.031653777, 0.001605706, 28.26122918272472, 892.8232855979469)
(537498, 8.42612292878798, 0.000184, 0.0009678569110035896, 0.095918015, 0.0021375306, 36.82426810139971, 383.9139926050358)
(676769, 8.424013404885159, 0.000265, 0.0018374288167953491, 0.04709924, 0.0026159573, 30.184709123718047, 640.8746536826934)
(802684, 8.422407017503211, 0.000255, 0.0027426914200186733, 0.026321322, 0.0009769427, 13.347334792944446, 507.0921131143963)
(433069, 8.432550237160195, 0.000315, 0.0008011676546931266, 0.24529243, 0.0024711748, 18.341634075227844, 74.7745622448595)
(434484, 8.436361454314497, 0.000406, 0.00012206283617019654, 0.23154067, 0.0015315003, 9.164163077269297, 39.579064348692164)
(493127, 8.437669503283303, 0.000272, 0.0005113852514624595, 0.19377176, 0.0034724514, 31.664850679979207, 163.41313450411565)
(514796, 8.433506181586825, 0.000285, 0.0006013699722290039, 0.046948414, 0.00045506455, 4.8875455478309435, 104.10459334858348)
(528957, 8.434528078143735, 0.000461, 0.0019834709293842317, 0.09604458, 0.007902506, 54.36513029166103, 566.0405854412714)
(642867, 8.436790387170998, 0.000166, 0.0019122011196017268, 0.05368675, 0.00081137544, 14.308578732607792, 266.51974151178445)
(717022, 8.435026798242484, 0.000219, 0.004372839167833328, 0.045832533, 0.0032143272, 45.27935334855299, 987.9304150297123)
(803148, 8.433005711225965, 0.000159, 0.002200753692626953, 0.016004765, 0.00038329535, 8.967995492642068, 560.3328441649764)
(353100, 8.448038417781763, 0.000186, 9.999664950370788e-05, 0.0946918, 0.0005921104, 10.042044186440236, 106.04977607818455)
(415467, 8.444550444570757, 0.000486, 0.0004943073272705078, 0.2317169, 0.007131796, 35.63320888244408, 153.77906782994282)
(438755, 8.441704059897248, 0.000284, 0.0019395520825386046, 0.04515919, 0.0012525567, 13.669955470897218, 302.70594913011547)
(447317, 8.441949405116054, 0.000474, 0.0014683055670261383, 0.04854605, 0.005477686, 34.97672022393682, 720.4853994081253)
(491517, 8.445568824308818, 0.000408, 0.0004930291682481765, 0.19057642, 0.0051164925, 31.10443744299939, 163.21241338776017)
(537963, 8.44284040298082, 0.000216, 0.0014821572811603546, 0.07021634, 0.00439848, 59.29950909960036, 844.5257770427845)
(540578, 8.444306564772585, 0.000271, 0.002204142774939537, 0.08105302, 0.004599958, 50.64804043875332, 624.8754264647181)
(582733, 8.442328302586514, 0.000143, 0.002113232046842575, 0.024355864, 0.0012250259, 30.108573670135808, 1236.194029911475)
(631613, 8.442060879867533, 0.000147, 0.0033948127636313436, 0.03490638, 0.0015271644, 33.15584217033798, 949.8504906649724)
(647405, 8.441011885825173, 0.000124, 0.001984431562006473, 0.045360975, 0.0010158904, 25.35740074547199, 559.0135737927147)
(658151, 8.447268177296777, 0.000161, 0.0018372552643418313, 0.044070225, 0.00054018444, 10.417683304639246, 236.38824863361256)
(673239, 8.444749880772804, 0.00014, 0.000769201846718788, 0.05055951, 0.00038235082, 8.147719281097796, 161.15107288614536)
(700377, 8.442461952220405, 0.000258, 0.00113618054074049, 0.0518388, 0.002098722, 24.044382372958193, 463.82984121851183)
(428049, 8.451585843650136, 0.0002, 0.002638714494884014, 0.05789278, 0.004301008, 61.716074919566466, 1066.0409626134117)
