(37357, 0.000208, 0.009832, 8.154117795090041, 0.84504807, 0.008308512623786927, [nan, nan, nan], 0.43718445, 0.001312457)
(46091, 0.000334, 0.00971, 8.154377281942155, 0.85006034, 0.008254085937738418, [0.54802155, -0.7482186, 0.3739535], 0.43870342, 0.0053259563)
(114696, 0.000238, 0.00941, 8.156232414422913, 0.69224304, 0.006514007002711296, [-0.2234858, -0.052407756, -0.97329724], 0.22526875, 0.00831948)
(120805, 0.000106, 0.009935, 8.154247557896216, 0.8313795, 0.0082597550663352, [nan, nan, nan], 0.36840054, 0.002314999)
(128549, 0.002255, 0.007766, 8.15333840298911, 0.63887197, 0.0049614797018766406, [-0.52245134, 0.48961648, 0.69808334], 0.579139, 0.00040765727)
(219648, 0.000201, 0.009807, 8.152774637543251, 0.42800614, 0.004197456238299608, [nan, nan, nan], 0.16834453, 0.008664446)
(344528, 0.001663, 0.008371, 8.153858153104286, 0.4031404, 0.0033746882539093495, [-0.32746354, -0.16526091, 0.9302991], 0.7374222, 0.032885373)
(373709, 0.000603, 0.009464, 8.155327409469276, 0.6839017, 0.006472445946216584, [-0.49161652, -0.5464757, -0.6779952], 0.17536987, 0.0024590353)
(393366, 0.000178, 0.009825, 8.152557609663114, 0.8088631, 0.007947079990804195, [0.91437274, -0.39164844, 0.102635205], 0.14675638, 0.0014642022)
(399182, 0.000406, 0.009646, 8.154679820778426, 0.77387065, 0.007464756260514259, [0.07195272, -0.7684483, 0.63585365], 0.4024667, 0.015242596)
(480820, 0.000159, 0.00111, 8.156189361686135, 0.79345423, 0.000880734195113182, [nan, nan, nan], 0.2802298, 0.0014474833)
(607788, 0.000273, 0.00097, 8.155068489857928, 0.87714493, 0.0008508305847644807, [nan, nan, nan], 0.115128845, 0.0005364568)
(1676696, 0.001543, 0.008465, 8.152774637543251, 0.7622644, 0.006452567899823189, [0.11564867, -0.40010038, 0.90914524], 0.8490209, 0.00044300157)
(2017226, 0.000167, 0.009857, 8.153468398843982, 0.79123706, 0.007799223663508892, [nan, nan, nan], 0.38197705, 0.002439487)
(103488, 0.007514, 0.002711, 8.162048181672212, 0.6305464, 0.0017094112660288809, [0.95598936, -0.21794662, 0.19642693], 2.5420208, 0.0049184924)
(111478, 0.00051, 0.009754, 8.16374398422476, 0.37648982, 0.003672281685709953, [0.53002524, 0.8134463, 0.23953785], 0.30638233, 0.0033265282)
(145996, 0.000512, 0.009772, 8.16458940882871, 0.5489856, 0.0053646872878074636, [-0.3101405, 0.91579634, -0.25520554], 0.39122993, 0.00070632267)
(194173, 0.001071, 0.009145, 8.161708225113246, 0.8643261, 0.007904262362122536, [-0.33366308, -0.052844957, 0.94121003], 0.8817464, 0.004481361)
(163300, 0.000398, 0.009996, 8.16921005334473, 0.83954746, 0.008392116363286973, [-0.44917092, -0.571945, 0.6863851], 0.14490665, 0.0037561497)
(352110, 0.000362, 0.009961, 8.16623326819848, 0.8233558, 0.008201447063565254, [0.71726793, 0.19888264, 0.66781175], 0.20165727, 0.00084942847)
(572231, 0.000152, 0.009751, 8.167115852730225, 0.8706261, 0.008489475022673606, [nan, nan, nan], 0.10458615, 0.0039264234)
(1997347, 0.000509, 0.009797, 8.165559616903892, 0.7996731, 0.007834397169113159, [0.76571554, 0.61778, 0.1789626], 0.13236597, 0.00048307213)
(191197, 0.000876, 0.009581, 8.171792915430375, 0.8427232, 0.008074130890905857, [0.090495035, 0.9589082, 0.26889727], 0.712865, 0.008391193)
(205144, 0.002829, 0.00764, 8.172332540662502, 0.7413379, 0.005663821520805359, [0.1865403, 0.8089704, -0.55746716], 0.48851594, 0.00042977856)
(295144, 0.00102, 0.009436, 8.171792915430375, 0.7789389, 0.007350067361354828, [-0.8671573, 0.48233098, -0.12407673], 0.26924273, 0.00072794245)
(417471, 0.000159, 0.009808, 8.16975289541961, 0.8306914, 0.008147421223640441, [nan, nan, nan], 0.15281683, 0.00078606134)
(473874, 0.000127, 0.009834, 8.169544190296701, 0.81861556, 0.008050265375375749, [nan, nan, nan], 0.17258862, 0.006717907)
(558730, 0.000167, 0.000116, 8.170461743562417, 0.41923323, 4.863105499744415e-05, [0.8386265, 0.53903925, 0.07837305], 0.15936434, 0.00058601215)
(644162, 0.000309, 0.000446, 8.17170983661962, 0.83329535, 0.00037164972400665285, [nan, nan, nan], 0.07625813, 0.0004371165)
(603963, 0.00015, 0.002568, 8.179940033306698, 0.81978965, 0.0021052198162078858, [0.2589769, 0.72455865, 0.63870627], 0.026539816, 0.00052445737)
(130869, 0.00079, 0.009938, 8.182946105701431, 0.79836553, 0.007934156670451165, [0.42872602, -0.3263865, 0.84241664], 0.91327107, 0.009835419)
(191949, 0.001058, 0.009738, 8.185690216742367, 0.73524165, 0.007159783202648163, [-0.020333938, 0.26112083, 0.9650919], 0.86320955, 0.0018887375)
(261086, 0.001214, 0.009543, 8.184158880803714, 0.7616917, 0.007268823792815208, [-0.12891807, -0.29239932, -0.9475668], 0.9777323, 0.016196597)
(316262, 0.00088, 0.009892, 8.18472368559736, 0.81532323, 0.008065177426815033, [0.12581497, -0.48320317, 0.866421], 0.5633427, 0.00900933)
(345247, 0.000433, 0.006365, 8.184481716337556, 0.7921626, 0.005042114931046962, [-0.6677181, -0.39940035, 0.6281974], 0.15577869, 0.0013184429)
(47218, 0.002259, 0.008597, 8.188057168648326, 0.52070445, 0.004476496141374111, [-0.21104829, 0.68405324, 0.69823337], 0.69519556, 0.00032538138)
(173898, 0.000612, 0.009768, 8.186694737895914, 0.86632967, 0.008462308216094972, [0.016253736, -0.1788631, 0.9837397], 0.76864874, 0.005736242)
(370551, 0.001131, 0.00982, 8.191881119819625, 0.83820784, 0.008231200997829436, [-0.025519593, 0.5999982, 0.7995943], 0.7167793, 0.008961332)
(549278, 0.00022, 0.000597, 8.192119002506914, 0.76227677, 0.00045507923090457915, [0.34671313, -0.021425918, -0.9377265], 0.05934771, 0.0011415054)
(61327, 0.001862, 0.009273, 8.199117562227945, 0.6822816, 0.006326797400593757, [-0.09136428, -0.22465558, -0.9701456], 0.7216669, 0.00042432046)
(525168, 0.000145, 0.001301, 8.19954637957807, 0.65639347, 0.0008539679023623467, [-0.106761076, 0.9873886, -0.11690127], 0.09939024, 0.0036688645)
(548099, 0.000222, 0.003022, 8.200869144408292, 0.87777096, 0.0026526238421201703, [nan, nan, nan], 0.04807175, 0.0005135144)
(561639, 0.000101, 0.002231, 8.199702208242067, 0.8154807, 0.0018193374619483945, [nan, nan, nan], 0.06767722, 0.0027787213)
(566937, 0.000241, 0.000741, 8.198649278079523, 0.19873445, 0.0001472622254937887, [0.7957738, -0.5742207, 0.19239177], 0.031143215, 0.00034104346)
(691546, 0.000144, 0.004819, 8.199156563124374, 0.8538638, 0.004114769535243512, [nan, nan, nan], 0.023493892, 0.00041079972)
(478002, 0.000293, 0.000358, 8.202884435643618, 0.8300235, 0.0002971484227180481, [nan, nan, nan], 0.20502126, 0.00037883664)
(520015, 0.000132, 0.000134, 8.205044341604179, 0.27692744, 3.710827714204789e-05, [-0.01185918, 0.99207234, -0.12510736], 0.101162955, 0.00074649847)
(525402, 0.000267, 0.001763, 8.205082813897414, 0.8341998, 0.0014706942230463028, [nan, nan, nan], 0.17142268, 0.0016246929)
(622767, 0.000195, 0.000935, 8.204351256903994, 0.8753085, 0.0008184134602546693, [nan, nan, nan], 0.017067252, 0.0006223295)
(150904, 0.001709, 0.009849, 8.215310030988253, 0.691821, 0.006813744823336601, [0.29294378, 0.5504309, -0.7817991], 1.601752, 0.003209589)
(183481, 0.001831, 0.009742, 8.215873293980922, 0.5696421, 0.0055494535969495785, [0.50200033, -0.81617177, -0.28611067], 0.73701257, 0.0012739679)
(204185, 0.002219, 0.009362, 8.21617340247133, 0.6785479, 0.006352565615773201, [0.65605056, 0.7542757, 0.025803406], 0.99439985, 0.004642253)
(593270, 0.000235, 0.001186, 8.215422742044355, 0.77285707, 0.0009166084849834442, [nan, nan, nan], 0.10737402, 0.0015958326)
(602689, 0.000305, 0.001213, 8.235212711174338, 0.76526254, 0.0009282634660601616, [0.7346052, 0.2324658, -0.6374282], 0.058172066, 0.0019438348)
(669552, 0.000161, 0.001759, 8.23377464866202, 0.84835494, 0.0014922563318014142, [-0.022581777, -0.92462015, -0.38022044], 0.028615624, 0.00096932915)
(725878, 0.000131, 0.00175, 8.232404064490487, 0.8734719, 0.0015285758525133133, [0.9820158, -0.15920968, -0.10147528], 0.02254985, 0.00048118475)
(1610015, 0.002645, 0.009378, 8.232440187965816, 0.57448053, 0.005387478444099426, [-0.22572385, 0.514713, -0.82711506], 0.6946245, 0.00027890853)
(154350, 0.002439, 0.009986, 8.246723738263258, 0.4882202, 0.004875367065429688, [0.2800398, 0.011534299, 0.95991915], 0.88213027, 0.03606459)
(470843, 0.000115, 0.000869, 8.247526920503502, 0.8358472, 0.0007263512158989906, [nan, nan, nan], 0.053144593, 0.0009896079)
(492904, 0.000453, 0.000135, 8.249059316416048, 0.52494776, 7.086794793605804e-05, [0.9881716, -0.021508254, 0.15183626], 0.17051218, 0.00062699104)
(589324, 0.000345, 0.00152, 8.247492030406523, 0.70408016, 0.001070201849937439, [-0.48834267, -0.6725955, 0.5560006], 0.07761233, 0.0027557556)
(412069, 0.000152, 0.001783, 8.249927593089573, 0.85094625, 0.0015172371594309808, [0.254708, -0.48244694, -0.8380745], 0.08613958, 0.00064798107)
(442728, 0.000123, 0.001443, 8.252384075099071, 0.8541984, 0.0012326082857251168, [nan, nan, nan], 0.15595809, 0.0010157754)
(456371, 0.000234, 0.000379, 8.249962288075166, 0.8241157, 0.0003123398478627204, [-0.69305265, -0.04410414, 0.71953654], 0.12620805, 0.000482921)
(589900, 0.000213, 0.000882, 8.251347819580218, 0.47873238, 0.00042224195677042006, [0.8588799, 0.13910079, -0.4929262], 0.10174782, 0.0042384923)
(594726, 0.000317, 0.001257, 8.25269447021549, 0.7739771, 0.0009728892157673837, [0.22444092, -0.7764829, 0.58881295], 0.08222396, 0.002661544)
(464812, 0.000612, 0.000122, 8.254105691885858, 0.45918632, 5.602073049545288e-05, [0.7464761, 0.060119383, -0.6626909], 0.16095403, 0.0005979719)
(676123, 0.000132, 0.001886, 8.25279788597545, 0.8402984, 0.001584802809238434, [nan, nan, nan], 0.037274815, 0.00039506832)
(622671, 0.000294, 0.002367, 8.259671238436862, 0.7247775, 0.0017155483891367913, [0.93114185, 0.3617285, -0.046124212], 0.025497666, 0.0057572136)
(667576, 0.000129, 0.00307, 8.26298338361327, 0.83980644, 0.0025782057631015777, [nan, nan, nan], 0.041424308, 0.0015386805)
(466077, 0.000182, 0.000389, 8.263555377203012, 0.5953548, 0.00023159301543235777, [-0.4428504, 0.69733584, -0.56356573], 0.085139155, 0.0011596571)
(578218, 0.000136, 0.000502, 8.26580239795279, 0.83162963, 0.00041747807621955865, [0.9703545, -0.02773456, -0.2400896], 0.07942566, 0.0005327418)
(629355, 0.000125, 0.001391, 8.265668573290487, 0.82933384, 0.0011536033739447595, [nan, nan, nan], 0.045464862, 0.0016146782)
(654375, 0.000153, 0.00135, 8.265199861963259, 0.86070144, 0.0011619469463825226, [-0.032874998, -0.87870884, 0.47622478], 0.07328897, 0.0006766492)
(234414, 0.000733, 0.000833, 8.267371756570473, 0.84449726, 0.0007034662204384803, [-0.37308905, -0.08097306, 0.92425543], 0.5173582, 0.000314307)
(523550, 0.000377, 0.001226, 8.268603231958236, 0.82963955, 0.0010171380932331086, [0.80019194, 0.59939, -0.02060416], 0.15527028, 0.0009234011)
(668138, 0.000214, 0.001405, 8.269134682250977, 0.84918725, 0.0011931080931425096, [-0.56943935, -0.7699203, 0.28803048], 0.07924387, 0.0015459324)
(796272, 0.000197, 0.002299, 8.268968673884633, 0.8540558, 0.001963474334537983, [nan, nan, nan], 0.025877237, 0.00121405)
(804817, 0.000101, 0.002343, 8.26720507282945, 0.767341, 0.0017978800045251847, [nan, nan, nan], 0.019213261, 0.00041559828)
(650962, 0.000241, 0.001048, 8.272770903295912, 0.856496, 0.000897607783317566, [0.0065940106, 0.67120516, 0.74124235], 0.06776339, 0.00061323534)
(439379, 0.000646, 0.000421, 8.27992088561467, 0.731611, 0.0003080082366466522, [0.26309836, 0.41614574, 0.87040323], 0.5835077, 0.000565575)
(497810, 0.000128, 0.000935, 8.279791342144089, 0.19839483, 0.00018549917072057724, [nan, nan, nan], 0.090487935, 0.005808629)
(567000, 0.000289, 0.001715, 8.281730448573938, 0.7562307, 0.0012969356709718704, [nan, nan, nan], 0.1316764, 0.0023016336)
(640296, 0.000124, 0.001417, 8.280988147417208, 0.81566393, 0.0011557957941293717, [nan, nan, nan], 0.06958351, 0.0019721575)
(1406129, 0.007716, 0.00581, 8.28362883088412, 0.4747589, 0.002758349169790745, [-0.12532154, 0.5279701, -0.8399655], 1.5991468, 0.017336892)
(439702, 0.000175, 0.001199, 8.289749796958231, 0.55174565, 0.0006615430381298065, [nan, nan, nan], 0.70631844, 0.004307802)
(606949, 0.000232, 0.001164, 8.290477285062778, 0.785408, 0.0009142149353027345, [-0.29863754, -0.7594518, 0.5779693], 0.08942917, 0.0020966374)
(1467280, 0.006973, 0.006735, 8.289401436615718, 0.6180702, 0.004162702697217464, [0.49898684, 0.8360042, 0.22827408], 1.3136106, 0.015998531)
(471403, 0.000101, 0.000988, 8.294660332652601, 0.644204, 0.0006364735722541809, [nan, nan, nan], 0.1038617, 0.0028814205)
(596344, 0.000135, 7.9e-05, 8.294879380924229, 0.526775, 4.1615225195884707e-05, [-0.1047339, 0.6655814, -0.7389399], 0.04014099, 0.00036459486)
(693388, 0.00011, 0.001385, 8.293563430978626, 0.8185137, 0.001133641462624073, [nan, nan, nan], 0.052473597, 0.00054162875)
(702633, 0.000144, 0.002219, 8.29315530370207, 0.86198187, 0.0019127377667427065, [nan, nan, nan], 0.024026692, 0.0007659767)
(156061, 0.002634, 0.00037, 8.299361175420652, 0.5639045, 0.0002086446738243103, [-0.09532862, -0.809361, -0.57952327], 1.4509491, 0.0010645329)
(53236, 0.008005, 0.006261, 8.306729560542552, 0.68241566, 0.0042726044735312465, [0.44852543, -0.016393486, 0.8936198], 1.177535, 0.01097632)
(558704, 0.000389, 0.00066, 8.30703388014151, 0.7381693, 0.0004871917462348938, [-0.99558455, 0.06317941, 0.06942465], 0.11747786, 0.0009878421)
(344327, 0.000716, 0.000418, 8.309612023059499, 0.327549, 0.00013691548639535906, [-0.29020512, 0.57226586, -0.76700246], 1.1134789, 0.0022649)
(154398, 0.000141, 0.000636, 8.312144887038103, 0.78151387, 0.0004970428211688994, [0.05216162, -0.96854633, 0.24330471], 0.30416617, 0.0010802854)
(517353, 0.000112, 0.000669, 8.312265131928996, 0.8292055, 0.0005547384881973267, [nan, nan, nan], 0.04800431, 0.0007681622)
(668605, 0.000172, 0.001925, 8.312054681516562, 0.8404325, 0.001617832610011101, [nan, nan, nan], 0.018824195, 0.0015993519)
(57848, 0.005704, 0.008914, 8.317345006958845, 0.45259973, 0.004034474029481411, [0.27346632, 0.78048533, -0.56219095], 1.2035763, 0.0050488454)
(460727, 0.000179, 0.000894, 8.32092482438092, 0.6468525, 0.0005782861289978028, [-0.4584343, -0.71615005, -0.5262767], 0.1814638, 0.0027740772)
(546635, 0.000222, 0.001293, 8.320983747721613, 0.87594926, 0.001132602397799492, [0.028583912, 0.7292153, 0.68368703], 0.020641413, 0.0003842556)
(640426, 0.000193, 0.000417, 8.320305646155942, 0.58503103, 0.0002439579405784607, [nan, nan, nan], 0.055271074, 0.0007135193)
(678089, 0.000154, 0.002723, 8.322160538800405, 0.7799634, 0.002123840267777443, [nan, nan, nan], 0.044775926, 0.003169366)
(348269, 0.000226, 2.9e-05, 8.322806417280962, 0.5153296, 1.4944558382034301e-05, [-0.73604566, -0.3725868, -0.565169], 0.97865355, 0.00013345794)
(518815, 0.000144, 0.001963, 8.325409530363757, 0.83322465, 0.001635619996190071, [nan, nan, nan], 0.10163511, 0.0018580491)
(590181, 0.000122, 0.001909, 8.323187621739098, 0.8539079, 0.0016301101489663125, [nan, nan, nan], 0.08768178, 0.0010045145)
(594001, 0.000167, 0.000561, 8.323773437545064, 0.7578873, 0.00042517477744817735, [nan, nan, nan], 0.06293111, 0.001209199)
(602011, 0.000144, 0.001925, 8.32429999699757, 0.80231965, 0.0015444653183221818, [nan, nan, nan], 0.07825802, 0.0017368142)
(140878, 0.005595, 0.000531, 8.331317995906796, 0.047372773, 2.5154942616820336e-05, [0.6763323, -0.6289288, 0.38343614], 5.6214557, 0.0053964537)
(609785, 0.000124, 0.000374, 8.32990612340021, 0.80486304, 0.00030101877534389495, [nan, nan, nan], 0.11218084, 0.0005036538)
(422434, 0.000431, 0.001568, 8.33501316631518, 0.733829, 0.0011506439056396484, [0.7658028, -0.07841676, 0.6382764], 0.10688765, 0.0028261403)
(547530, 0.000208, 0.00049, 8.335640224152138, 0.8331463, 0.00040824167430400846, [nan, nan, nan], 0.13089436, 0.00039207743)
(689040, 0.000199, 0.002674, 8.33478492062242, 0.8440858, 0.002257085462808609, [0.6339006, 0.7688258, 0.084124535], 0.037680693, 0.00080767524)
(302271, 0.000293, 0.002235, 8.337515983615807, 0.8174048, 0.0018268997427821159, [-0.5081713, 0.74175197, 0.43768242], 0.15530227, 0.0018761791)
(559953, 0.000178, 0.002347, 8.337430897349693, 0.80215853, 0.001882666080534458, [-0.13846967, -0.8235828, -0.55003405], 0.07259682, 0.0019756714)
(507238, 0.000449, 0.001035, 8.345329166967453, 0.8177503, 0.0008463715347647666, [-0.687949, -0.54977584, 0.47378558], 0.16175789, 0.0015153957)
(649275, 0.000234, 0.002093, 8.344269435476994, 0.85635227, 0.0017923453003764152, [nan, nan, nan], 0.07264295, 0.00032067279)
(456117, 0.000388, 0.000703, 8.346664089581717, 0.80626374, 0.000566803412616253, [-0.49095383, 0.7788217, 0.3903857], 0.3881013, 0.0009416387)
(558303, 0.000134, 0.001382, 8.346219571137686, 0.80811054, 0.0011168087595701218, [nan, nan, nan], 0.11147658, 0.00089021574)
(605516, 0.000181, 0.002246, 8.347024926100397, 0.7959845, 0.001787781201839447, [0.9101034, 0.37379164, 0.17886187], 0.070518, 0.003253249)
(628293, 0.00031, 0.001223, 8.346691856883405, 0.8539202, 0.0010443444306850434, [-0.57472885, -0.7453847, 0.33776966], 0.15242383, 0.000893018)
(455857, 0.000424, 0.000352, 8.3501764084805, 0.37727797, 0.0001328018455505371, [0.018293243, -0.8646522, 0.5020377], 0.22461608, 0.0018265576)
(607819, 0.000136, 0.000172, 8.349432068880933, 0.7837719, 0.00013480876207351685, [0.5161633, -0.63300717, -0.5769552], 0.06355085, 0.00034333568)
(662340, 0.000173, 0.001931, 8.350314109259074, 0.79556334, 0.0015362328099012372, [-0.5245637, -0.4798489, -0.7032623], 0.052387882, 0.0021863494)
(666907, 0.000169, 0.002325, 8.348935132797584, 0.81151134, 0.0018867638602852819, [-0.36563358, 0.6502598, 0.6659386], 0.07015219, 0.0027571656)
(41140, 0.014223, 0.001697, 8.354343123598584, 0.35989788, 0.0006107467053234576, [0.1172499, -0.9923549, 0.03852354], 3.4018352, 0.0016870634)
(106697, 0.007037, 0.008876, 8.354206694582949, 0.7151577, 0.006347739635705949, [-0.053270772, -0.046140615, 0.99751353], 1.1800821, 0.0018857103)
(510945, 0.000759, 0.000637, 8.355051864436867, 0.6947955, 0.000442584726691246, [0.9132004, 0.17738764, -0.36687684], 0.17395338, 0.0017268849)
(521285, 0.000248, 0.001149, 8.355079100615226, 0.56944793, 0.0006542956768870354, [nan, nan, nan], 0.21803242, 0.0041587013)
(575602, 0.000166, 0.000841, 8.356493033310366, 0.725, 0.0006097250200510025, [nan, nan, nan], 0.030170728, 0.002041603)
(597114, 0.000355, 0.001475, 8.35486116334712, 0.66283214, 0.000977677407860756, [-0.5774451, -0.432688, -0.6923427], 0.12657085, 0.004602132)
(624645, 0.000438, 0.000568, 8.356438736319372, 0.8628511, 0.0004900994153022766, [-0.7108647, -0.6865312, -0.15279523], 0.13285194, 0.00038823122)
(426534, 0.000282, 0.0008, 8.35849726459808, 0.8435431, 0.0006748344898223878, [-0.3734505, 0.2883529, 0.88169575], 0.80989504, 0.0007009454)
(502099, 0.00011, 0.001382, 8.357685852861948, 0.76046526, 0.0010509629952907562, [nan, nan, nan], 0.07120757, 0.0026101775)
(411420, 0.000125, 0.001467, 8.360357778370858, 0.5471745, 0.0008027050110697747, [nan, nan, nan], 0.10806132, 0.0058734594)
(445527, 0.000379, 0.001254, 8.361486374986685, 0.18818933, 0.00023598941695690155, [-0.21545413, 0.69668335, -0.6842601], 0.28149527, 0.008240361)
(465701, 0.000298, 0.002314, 8.364055064026504, 0.74744356, 0.0017295843904018401, [-0.74986416, 0.60682344, 0.2635699], 0.094834335, 0.005060668)
(469936, 0.000163, 0.003478, 8.36798559799905, 0.8529619, 0.0029666014807224273, [nan, nan, nan], 0.06666925, 0.0012876786)
(511008, 0.0004, 0.001541, 8.369674332543282, 0.33634517, 0.0005183079007565975, [0.023742484, 0.12089956, 0.9923808], 0.630413, 0.008359323)
(678284, 0.00013, 0.001742, 8.367826941951778, 0.68537885, 0.0011939299558401109, [nan, nan, nan], 0.028815456, 0.004699098)
(709066, 0.000104, 0.003977, 8.367959159349184, 0.85684204, 0.00340766079711914, [nan, nan, nan], 0.023335123, 0.0004935547)
(501296, 0.00012, 0.004062, 8.370647645033433, 0.7795054, 0.003166350821256637, [nan, nan, nan], 0.06002677, 0.0053977)
(543492, 0.000227, 0.000473, 8.371802265484144, 0.5691153, 0.00026919152796268464, [0.8238072, -0.56548876, -0.039548688], 0.15771496, 0.0014878019)
(607022, 0.000179, 0.000513, 8.371592562688228, 0.6289678, 0.0003226604924798012, [nan, nan, nan], 0.121889405, 0.0018655928)
(671326, 0.000417, 0.001546, 8.370227020805006, 0.7301487, 0.001128809848546982, [-0.33037305, 0.58909106, -0.7374452], 0.06255583, 0.0039289203)
(36009, 0.000202, 0.001349, 8.3824161774027, 0.7736634, 0.0010436719287633895, [nan, nan, nan], 0.43469232, 0.00097188907)
(102440, 0.013079, 0.00382, 8.3802883468129, 0.56576204, 0.0021612110042572024, [-0.09665095, 0.077697836, 0.9922811], 2.3343012, 0.0009445984)
(203980, 0.000181, 0.001253, 8.379413686383108, 0.41611892, 0.0005213970065712928, [-0.6985974, -0.18788102, -0.69040745], 0.15374252, 0.005500586)
(254743, 0.001381, 0.000814, 8.378330785784048, 0.44633183, 0.00036331410866975787, [0.37924364, 0.82528377, 0.41842666], 1.3282589, 0.0035414868)
(372956, 0.00026, 0.001208, 8.380314045471561, 0.7505068, 0.0009066122364997866, [0.14845233, -0.97969836, -0.13473321], 0.14205132, 0.0027661389)
(475476, 0.000235, 0.001817, 8.383973384854809, 0.8112198, 0.0014739863973855973, [nan, nan, nan], 0.10784389, 0.0016964315)
(488359, 0.000142, 0.002119, 8.378020889012687, 0.79659694, 0.001687988925039768, [nan, nan, nan], 0.07315816, 0.0019527706)
(543053, 0.000325, 0.001221, 8.38231387010378, 0.5116, 0.0006246636214256286, [-0.31083843, -0.7789154, -0.54467463], 0.16031618, 0.005370207)
(621918, 0.000177, 0.002648, 8.381161249234024, 0.85512435, 0.002264369290351868, [0.9090626, 0.061056554, 0.4121618], 0.05160906, 0.0008206341)
(677557, 0.000145, 0.001673, 8.377969218045118, 0.75988585, 0.0012712890229821206, [nan, nan, nan], 0.01761704, 0.0029384876)
(83222, 0.008652, 0.008621, 8.389820256119613, 0.4895274, 0.004220215752542019, [0.10324761, -0.8989498, -0.4257102], 1.3846351, 0.0105392225)
(408098, 0.000345, 0.000327, 8.393625050555944, 0.59438574, 0.000194364138007164, [-0.10629487, -0.022853216, -0.99407196], 0.4938407, 0.00057946023)
(515726, 0.000258, 0.001628, 8.390925076165246, 0.5960867, 0.0009704291164875031, [nan, nan, nan], 0.23718102, 0.004800013)
(594538, 0.000134, 0.003513, 8.390849836743367, 0.7973478, 0.002801082765340805, [0.40124407, 0.6517664, 0.64358646], 0.06227314, 0.004942419)
(645278, 0.00027, 0.003073, 8.39427254517267, 0.85785323, 0.002636182987511158, [nan, nan, nan], 0.045696788, 0.0013193885)
(668755, 0.000331, 0.003455, 8.39432231248859, 0.80205333, 0.002771094263195992, [nan, nan, nan], 0.06289455, 0.0018538322)
(686163, 0.000116, 0.001656, 8.388031530197726, 0.7941692, 0.0013151441745758057, [nan, nan, nan], 0.02957034, 0.0003976493)
(473499, 0.000102, 0.003381, 8.39771786946472, 0.82956684, 0.0028047654737234115, [nan, nan, nan], 0.030111592, 0.0006136934)
(518556, 0.000101, 0.001141, 8.39680343487846, 0.83248967, 0.000949870712697506, [nan, nan, nan], 0.088255815, 0.0004510348)
(529942, 0.000509, 0.001658, 8.397915332148157, 0.8665935, 0.0014368119900226592, [0.8803398, -0.36559033, 0.30223414], 0.24372734, 0.0007176345)
(421326, 0.000251, 0.000943, 8.406443401718924, 0.8525897, 0.0008039921120405198, [nan, nan, nan], 0.22805715, 0.00067508273)
(466841, 0.00098, 0.000747, 8.401087083906223, 0.7751048, 0.0005790033010840417, [-0.71348757, 0.009486422, -0.70060366], 0.8533017, 0.0014872168)
(477472, 0.00037, 0.001676, 8.40571687311269, 0.513326, 0.0008603343579769134, [0.10310539, 0.43269888, 0.8956232], 0.29086325, 0.0065834764)
(520319, 0.000453, 0.003177, 8.401356474576655, 0.7486174, 0.002378357513666153, [0.7220915, -0.52267253, 0.4532079], 0.20878258, 0.005743484)
(524400, 0.000362, 0.002009, 8.402920532698495, 0.7560162, 0.0015188365353941918, [-0.5407164, 0.7471709, 0.3864731], 0.05068239, 0.00069783104)
(528647, 0.000539, 0.001741, 8.400670423912507, 0.52856344, 0.0009202289487719535, [0.6673994, -0.11673034, 0.7354944], 0.18438628, 0.006460864)
(528865, 0.000171, 0.003252, 8.407047915167915, 0.7511198, 0.0024426415650844577, [nan, nan, nan], 0.25479555, 0.0054649576)
(554120, 0.000292, 0.003034, 8.404697686846209, 0.85867757, 0.0026052277354002, [-0.31715897, 0.9207475, -0.22723185], 0.10323292, 0.0011653895)
(555564, 0.000136, 0.001014, 8.40540166620581, 0.8030151, 0.0008142573244571686, [nan, nan, nan], 0.07142973, 0.00095238275)
(564361, 0.00044, 0.001957, 8.403529966272027, 0.7722452, 0.001511283911764622, [0.8973053, 0.4388163, 0.047785398], 0.09617808, 0.0028805619)
(577213, 0.000371, 0.000409, 8.407096239912809, 0.48999116, 0.00020040638372302054, [-0.6169757, -0.4998763, -0.607836], 0.07484031, 0.0016109768)
(600089, 0.000179, 0.00397, 8.403261920854572, 0.8226267, 0.003265828038454055, [nan, nan, nan], 0.06881649, 0.0030581208)
(622965, 0.00015, 0.001354, 8.403261920854572, 0.8037118, 0.0010882257392406465, [nan, nan, nan], 0.024804669, 0.0016984082)
(625677, 0.000202, 0.00142, 8.406128721869873, 0.8410116, 0.0011942364490032198, [0.3214939, 0.24033596, -0.9159041], 0.08064847, 0.0012185322)
(641378, 0.000152, 0.002691, 8.40365175042972, 0.8553064, 0.002301629487276077, [0.33721927, -0.91483897, 0.22215469], 0.046314143, 0.0015912687)
(649788, 0.000153, 0.002643, 8.402505628837533, 0.82423276, 0.002178447176992893, [nan, nan, nan], 0.05555141, 0.00125731)
(656662, 0.00017, 0.001318, 8.402871741047854, 0.7857494, 0.0010356176773309706, [0.36638868, -0.7678196, -0.52555907], 0.031623438, 0.0018167014)
(703358, 0.000161, 0.002185, 8.40228581327526, 0.8243815, 0.0018012735134363175, [-0.79214555, -0.4462063, 0.41641974], 0.040384494, 0.0007583347)
(732916, 0.000179, 0.001888, 8.406225570726138, 0.8011188, 0.0015125122776031494, [nan, nan, nan], 0.07513099, 0.0029976924)
(182788, 0.000116, 0.004226, 8.418447249711386, 0.80196315, 0.0033890962740182875, [nan, nan, nan], 0.04825714, 0.0041667675)
(271722, 0.00025, 0.000875, 8.41535281018972, 0.79743993, 0.0006977599412202835, [nan, nan, nan], 0.29034382, 0.0013283212)
(330072, 0.000373, 0.000325, 8.415684567871955, 0.21404229, 6.956374458968639e-05, [-0.6121492, -0.6134862, -0.49890688], 0.52193266, 0.0020387429)
(334051, 0.000373, 0.001442, 8.41077723337721, 0.38529, 0.0005555881754755974, [0.23107259, -0.95737565, -0.17331272], 0.34933978, 0.007020956)
(354230, 0.000843, 0.001025, 8.412045107672222, 0.26496363, 0.0002715877175331116, [-0.8975542, -0.2825516, 0.33846867], 0.76256704, 0.0059362273)
(451011, 0.000301, 0.001138, 8.412331660373157, 0.6249443, 0.0007111866466999054, [-0.885445, -0.46106654, 0.05835095], 0.1628241, 0.0038020757)
(452364, 0.000281, 0.002626, 8.415779309251453, 0.7853595, 0.0020623540518283846, [-0.010784846, -0.9999407, -0.0015468717], 0.05869218, 0.0038603537)
(465375, 0.000111, 0.00336, 8.418682563155539, 0.7929008, 0.002664146690368653, [nan, nan, nan], 0.11754052, 0.004714571)
(476560, 0.00077, 9.2e-05, 8.419528637417857, 0.44853777, 4.126547455787658e-05, [0.7147886, -0.39413148, 0.57770026], 0.23884515, 0.0004535294)
(478553, 0.000328, 0.001579, 8.412975713494868, 0.87274444, 0.001378063472390175, [-0.8468727, 0.23981029, 0.4746553], 0.061136328, 0.00049676537)
(491061, 0.000129, 0.000789, 8.410417727977219, 0.3262351, 0.00025739948263764383, [nan, nan, nan], 0.22363713, 0.004332835)
(499018, 0.000188, 0.002975, 8.411399671967274, 0.63849485, 0.0018995221763849263, [nan, nan, nan], 0.11808519, 0.008835078)
(540004, 0.000304, 0.003325, 8.411997330501448, 0.83147144, 0.0027646425485610957, [-0.121343695, 0.47097057, 0.8737634], 0.053740878, 0.00077798613)
(583891, 0.00024, 0.004635, 8.41015390141652, 0.69728684, 0.003231924523115158, [0.3446391, -0.7186139, 0.60400164], 0.035441477, 0.002346051)
(603295, 0.000136, 0.001423, 8.415163120524374, 0.6810127, 0.0009690810579657556, [-0.8959225, -0.26478642, 0.35666645], 0.046608664, 0.0038374763)
(603809, 0.00012, 0.001171, 8.419246795767013, 0.6708555, 0.000785571816444397, [nan, nan, nan], 0.041608486, 0.003730467)
(619202, 0.000155, 0.004841, 8.41304721603026, 0.8215683, 0.003977212189972401, [nan, nan, nan], 0.06827168, 0.0014774409)
(644447, 0.000124, 0.001066, 8.416890975062769, 0.8676667, 0.0009249327249526979, [nan, nan, nan], 0.060831867, 0.0003550525)
(679080, 0.000314, 0.0005, 8.418423711352967, 0.49840155, 0.000249200776219368, [0.18396911, 0.7224978, 0.6664476], 0.07844835, 0.0023372371)
(690527, 0.000265, 0.002233, 8.416536497163696, 0.6960361, 0.0015542486121654512, [nan, nan, nan], 0.057857614, 0.005794664)
(790988, 0.000113, 0.003063, 8.411686650710251, 0.8717603, 0.0026702018256783487, [nan, nan, nan], 0.009797485, 0.00039457117)
(45928, 0.010111, 0.008759, 8.428199241022819, 0.661335, 0.005792633190155029, [0.3306503, 0.706861, -0.6253142], 1.6577145, 0.0112771215)
(49704, 0.000396, 0.000281, 8.425521252529892, 0.35955766, 0.0001010357020199299, [-0.41199288, -0.77238065, -0.48341495], 0.43565306, 0.00045784278)
(66743, 0.000198, 0.003176, 8.426700678616307, 0.6717896, 0.002133603726863861, [-0.9288604, -0.06810046, -0.36411622], 0.057939474, 0.0029989542)
(283109, 0.000158, 0.002168, 8.422849949190665, 0.7572633, 0.0016417468404769896, [0.15734062, -0.8930976, 0.42145064], 0.04143869, 0.004138511)
(436106, 0.000166, 0.003246, 8.427600436424084, 0.84721816, 0.002750070133924484, [nan, nan, nan], 0.02445065, 0.0014428669)
(438951, 0.000703, 0.002147, 8.424779581764682, 0.46423966, 0.0009967225434184075, [-0.42273247, 0.5189507, -0.74295855], 0.5735682, 0.007020632)
(485037, 0.000654, 0.001195, 8.4220103269245, 0.73261297, 0.0008754724961519242, [0.855337, 0.5113335, -0.08328545], 0.15435539, 0.0021661238)
(513220, 0.000411, 0.001573, 8.42515057547173, 0.7972672, 0.0012541013033390044, [nan, nan, nan], 0.23163627, 0.002160821)
(513868, 0.000297, 0.002245, 8.427853877599526, 0.7592469, 0.001704509258568287, [0.7058566, 0.70603657, -0.057261206], 0.15005326, 0.0039316197)
(517795, 0.000169, 0.003267, 8.428130190306097, 0.77888435, 0.0025446151755452156, [nan, nan, nan], 0.046456773, 0.0052021174)
(559585, 0.000204, 0.001873, 8.42730072422826, 0.81252503, 0.001521859388589859, [nan, nan, nan], 0.07718101, 0.0023134975)
(587978, 0.000192, 0.005401, 8.427046959949125, 0.8475259, 0.004577487356960774, [-0.21144886, -0.5036498, 0.8376313], 0.03197337, 0.002321195)
(619654, 0.000397, 0.002516, 8.426238540257291, 0.8679543, 0.002183773053407669, [0.44925156, -0.7841465, -0.4281205], 0.09570293, 0.0005650313)
(623326, 0.000238, 0.003629, 8.427922972259111, 0.8597256, 0.0031199441825151444, [-0.1317825, 0.804847, -0.5786663], 0.042622186, 0.00044139373)
(402517, 0.000566, 0.000508, 8.434618797133444, 0.3076077, 0.0001562647168636322, [-0.8207296, 0.5094335, -0.25861245], 0.61650956, 0.00091448025)
(432628, 0.000663, 0.000764, 8.43259580606868, 0.8373169, 0.0006397100892066956, [-0.7158222, -0.6933977, 0.082451016], 0.76414627, 0.0007550201)
(458498, 0.000149, 0.002754, 8.436090330916718, 0.84103847, 0.002316219933986664, [nan, nan, nan], 0.14415662, 0.0014052137)
(469707, 0.000319, 0.001129, 8.433073991154084, 0.5721281, 0.0006459326441884042, [0.09578212, 0.89793164, -0.42958653], 0.10589421, 0.0026792688)
(503606, 0.000413, 0.002994, 8.437511844193107, 0.86957955, 0.002603521183490753, [-0.21654637, 0.7550625, 0.61886036], 0.22297396, 0.00047044293)
(517639, 0.000704, 0.00113, 8.431820483605751, 0.635982, 0.0007186596339941024, [-0.054920174, 0.71814126, -0.6937269], 0.12378221, 0.003779578)
(574277, 0.00025, 0.003088, 8.435977312860572, 0.8476362, 0.00261750065612793, [0.4026817, 0.71563655, 0.57071155], 0.029786479, 0.00046948093)
(583699, 0.000107, 0.00279, 8.435954705719581, 0.80228686, 0.0022383803486824036, [nan, nan, nan], 0.15387645, 0.0033751167)
(619885, 0.000253, 0.002451, 8.431569347349527, 0.84455395, 0.0020700017251968385, [-0.95095414, -0.16134277, 0.26392174], 0.06636115, 0.00094476854)
(702678, 0.000181, 0.002632, 8.434051492298089, 0.82552737, 0.002172788037776947, [nan, nan, nan], 0.027725881, 0.0014632705)
(353601, 0.000223, 0.003453, 8.443529671214023, 0.774736, 0.0026751633637547493, [0.0047793686, -0.7037706, -0.7104113], 0.13679019, 0.0019890456)
(511610, 0.000835, 0.000395, 8.447950459405382, 0.15954897, 6.302184239029884e-05, [-0.38652933, -0.68317914, -0.61956537], 0.2660376, 0.0025817733)
(516375, 0.000108, 0.003589, 8.443995974100037, 0.84167504, 0.003020771729707718, [nan, nan, nan], 0.049856532, 0.0025449304)
(524832, 0.000368, 0.002188, 8.448038417781763, 0.8428615, 0.001844180904150009, [0.6952853, 0.7079917, -0.12379924], 0.053945236, 0.0010986428)
(528444, 0.000132, 0.000683, 8.448521870678011, 0.32140344, 0.00021951855212450026, [nan, nan, nan], 0.13299657, 0.0038188603)
(539697, 0.00039, 0.002533, 8.446408297092315, 0.35593256, 0.000901577183455229, [0.23838106, -0.89243287, 0.38306394], 0.09425816, 0.012971063)
(552643, 0.000438, 0.003614, 8.442083171384638, 0.8582425, 0.0031016884374618528, [-0.19734983, 0.6742011, 0.71169233], 0.101086676, 0.0017079002)
(569419, 0.000354, 0.002479, 8.444417436204068, 0.7109541, 0.0017624552875161168, [0.25458917, -0.3514929, 0.900909], 0.07840487, 0.0056807795)
(580021, 0.000148, 0.002175, 8.442862654523385, 0.77844423, 0.0016931162014603613, [-0.60029423, 0.55870116, 0.5722761], 0.03923442, 0.0029128094)
(614154, 0.000154, 0.002172, 8.442929402311407, 0.79407245, 0.0017247253596782684, [nan, nan, nan], 0.115918204, 0.0030617265)
(631507, 0.000157, 0.000644, 8.448214281109497, 0.821516, 0.0005290562894344331, [nan, nan, nan], 0.08394288, 0.00043586607)
(635981, 0.000261, 0.00141, 8.447928467027511, 0.7537949, 0.001062850821018219, [-0.5498397, 0.17605841, 0.8165046], 0.04773767, 0.003237135)
(670452, 0.000285, 0.002438, 8.441949405116054, 0.8372803, 0.002041289306640625, [nan, nan, nan], 0.070812434, 0.0019911467)
(674147, 0.000183, 8.7e-05, 8.446209621187911, 0.53276193, 4.635028803348542e-05, [nan, nan, nan], 0.02570676, 0.00040042028)
(682270, 0.000139, 0.00319, 8.445613047564485, 0.7315107, 0.002333519129157066, [nan, nan, nan], 0.050173007, 0.0063630044)
(689938, 0.000115, 0.002993, 8.44069892911271, 0.8240225, 0.002466299258410931, [nan, nan, nan], 0.012898282, 0.0015908374)
(715984, 0.000103, 0.002907, 8.448302186075267, 0.8158221, 0.002371594915866852, [nan, nan, nan], 0.016248781, 0.0017476839)
(444852, 0.000149, 0.004785, 8.451803873918234, 0.8275842, 0.003959990430772305, [nan, nan, nan], 0.04202813, 0.0005296532)
(533739, 0.000181, 0.003421, 8.451607651603235, 0.83445966, 0.0028546865051984785, [-0.03986549, 0.63938266, 0.7678545], 0.053542502, 0.0006042069)
(565409, 0.000162, 0.00131, 8.453240134976005, 0.5689137, 0.0007452769446372985, [nan, nan, nan], 0.014677759, 0.0049233707)
(635840, 0.000249, 0.002928, 8.451978219356906, 0.86640227, 0.0025368258419036865, [0.4609654, 0.8770005, 0.13557678], 0.04158335, 0.0010982666)
